
     RDKit          2D

 19 19  0  0  0  0  0  0  0  0999 V2000
    2.3925   -1.2242    0.7738 C    0  0  0  0  0  0  0  0  0  0  0  0
    1.7074   -0.0031    0.2228 C    0  0  0  0  0  0  0  0  0  0  0  0
    2.4134    1.0102    0.0882 O    0  0  0  0  0  0  0  0  0  0  0  0
    0.2579   -0.0428   -0.0647 C    0  0  0  0  0  0  0  0  0  0  0  0
   -0.3660   -1.2625   -0.3388 C    0  0  0  0  0  0  0  0  0  0  0  0
   -1.7196   -1.2756   -0.6097 C    0  0  0  0  0  0  0  0  0  0  0  0
   -2.5267   -0.1343   -0.5871 C    0  0  0  0  0  0  0  0  0  0  0  0
   -1.9038    1.0590   -0.3044 C    0  0  0  0  0  0  0  0  0  0  0  0
   -0.5179    1.1417   -0.0751 C    0  0  0  0  0  0  0  0  0  0  0  0
    0.0352    2.3428    0.1085 N    0  0  0  0  0  0  0  0  0  0  0  0
    3.2446   -0.9066    1.3434 H    0  0  0  0  0  0  0  0  0  0  0  0
    1.7499   -1.8338    1.3793 H    0  0  0  0  0  0  0  0  0  0  0  0
    2.7628   -1.8458   -0.0298 H    0  0  0  0  0  0  0  0  0  0  0  0
    0.2149   -2.1736   -0.3371 H    0  0  0  0  0  0  0  0  0  0  0  0
   -2.1784   -2.2238   -0.8329 H    0  0  0  0  0  0  0  0  0  0  0  0
   -3.5893   -0.1718   -0.7835 H    0  0  0  0  0  0  0  0  0  0  0  0
   -2.4759    1.9749   -0.2840 H    0  0  0  0  0  0  0  0  0  0  0  0
   -0.5072    3.1568    0.1106 H    0  0  0  0  0  0  0  0  0  0  0  0
    1.0020    2.4252    0.2224 H    0  0  0  0  0  0  0  0  0  0  0  0
  1  2  1  0
  2  3  2  0
  2  4  1  0
  4  5  2  0
  5  6  1  0
  6  7  2  0
  7  8  1  0
  8  9  2  0
  9 10  1  0
  9  4  1  0
  1 11  1  0
  1 12  1  0
  1 13  1  0
  5 14  1  0
  6 15  1  0
  7 16  1  0
  8 17  1  0
 10 18  1  0
 10 19  1  0
M  END
