
     RDKit          2D

 19 19  0  0  0  0  0  0  0  0999 V2000
    2.4330   -1.2752    0.5921 C    0  0  0  0  0  0  0  0  0  0  0  0
    1.6602    0.0080    0.4405 C    0  0  0  0  0  0  0  0  0  0  0  0
    2.2640    1.0928    0.6474 O    0  0  0  0  0  0  0  0  0  0  0  0
    0.2481   -0.0236    0.0623 C    0  0  0  0  0  0  0  0  0  0  0  0
   -0.3986   -1.2578   -0.1607 C    0  0  0  0  0  0  0  0  0  0  0  0
   -1.7267   -1.3375   -0.5192 C    0  0  0  0  0  0  0  0  0  0  0  0
   -2.4605   -0.1504   -0.6678 C    0  0  0  0  0  0  0  0  0  0  0  0
   -1.8677    1.0738   -0.4595 C    0  0  0  0  0  0  0  0  0  0  0  0
   -0.5054    1.1770   -0.0898 C    0  0  0  0  0  0  0  0  0  0  0  0
    0.0391    2.4082    0.1074 N    0  0  0  0  0  0  0  0  0  0  0  0
    3.4524   -1.0286    0.8713 H    0  0  0  0  0  0  0  0  0  0  0  0
    1.9997   -1.9129    1.3625 H    0  0  0  0  0  0  0  0  0  0  0  0
    2.4484   -1.8441   -0.3374 H    0  0  0  0  0  0  0  0  0  0  0  0
    0.1668   -2.1702   -0.0461 H    0  0  0  0  0  0  0  0  0  0  0  0
   -2.1951   -2.2961   -0.6831 H    0  0  0  0  0  0  0  0  0  0  0  0
   -3.5036   -0.1939   -0.9492 H    0  0  0  0  0  0  0  0  0  0  0  0
   -2.4392    1.9847   -0.5759 H    0  0  0  0  0  0  0  0  0  0  0  0
   -0.5222    3.2320   -0.0077 H    0  0  0  0  0  0  0  0  0  0  0  0
    0.9823    2.4799    0.3636 H    0  0  0  0  0  0  0  0  0  0  0  0
  1  2  1  0
  2  3  2  0
  2  4  1  0
  4  5  2  0
  5  6  1  0
  6  7  2  0
  7  8  1  0
  8  9  2  0
  9 10  1  0
  9  4  1  0
  1 11  1  0
  1 12  1  0
  1 13  1  0
  5 14  1  0
  6 15  1  0
  7 16  1  0
  8 17  1  0
 10 18  1  0
 10 19  1  0
M  END
