
     RDKit          2D

 19 19  0  0  0  0  0  0  0  0999 V2000
    2.4436   -1.1408    0.5681 C    0  0  0  0  0  0  0  0  0  0  0  0
    1.5435    0.0360    0.3862 C    0  0  0  0  0  0  0  0  0  0  0  0
    2.1374    1.2091    0.5804 O    0  0  0  0  0  0  0  0  0  0  0  0
    0.1951   -0.0386    0.0441 C    0  0  0  0  0  0  0  0  0  0  0  0
   -0.4403   -1.3094   -0.1643 C    0  0  0  0  0  0  0  0  0  0  0  0
   -1.7533   -1.4037   -0.4983 C    0  0  0  0  0  0  0  0  0  0  0  0
   -2.5312   -0.2102   -0.6484 C    0  0  0  0  0  0  0  0  0  0  0  0
   -1.9865    1.0189   -0.4642 C    0  0  0  0  0  0  0  0  0  0  0  0
   -0.5947    1.1795   -0.1078 C    0  0  0  0  0  0  0  0  0  0  0  0
   -0.0193    2.3532    0.0824 N    0  0  0  0  0  0  0  0  0  0  0  0
    3.4375   -0.7893    0.8256 H    0  0  0  0  0  0  0  0  0  0  0  0
    2.0866   -1.7934    1.3644 H    0  0  0  0  0  0  0  0  0  0  0  0
    2.5079   -1.7359   -0.3423 H    0  0  0  0  0  0  0  0  0  0  0  0
    0.1485   -2.2080   -0.0500 H    0  0  0  0  0  0  0  0  0  0  0  0
   -2.2174   -2.3662   -0.6518 H    0  0  0  0  0  0  0  0  0  0  0  0
   -3.5760   -0.2974   -0.9147 H    0  0  0  0  0  0  0  0  0  0  0  0
   -2.5810    1.9154   -0.5793 H    0  0  0  0  0  0  0  0  0  0  0  0
   -0.6162    3.1652   -0.0367 H    0  0  0  0  0  0  0  0  0  0  0  0
    1.4450    1.9881    0.4362 H    0  0  0  0  0  0  0  0  0  0  0  0
  1  2  1  0
  2  3  2  0
  2  4  1  0
  4  5  2  0
  5  6  1  0
  6  7  2  0
  7  8  1  0
  8  9  2  0
  9 10  1  0
  9  4  1  0
  1 11  1  0
  1 12  1  0
  1 13  1  0
  5 14  1  0
  6 15  1  0
  7 16  1  0
  8 17  1  0
 10 18  1  0
 10 19  1  0
M  END
