
     RDKit          2D

 19 19  0  0  0  0  0  0  0  0999 V2000
    2.4292   -1.2313    0.5935 C    0  0  0  0  0  0  0  0  0  0  0  0
    1.6272    0.0290    0.4319 C    0  0  0  0  0  0  0  0  0  0  0  0
    2.2302    1.1316    0.6372 O    0  0  0  0  0  0  0  0  0  0  0  0
    0.2283   -0.0199    0.0580 C    0  0  0  0  0  0  0  0  0  0  0  0
   -0.4128   -1.2618   -0.1627 C    0  0  0  0  0  0  0  0  0  0  0  0
   -1.7380   -1.3444   -0.5179 C    0  0  0  0  0  0  0  0  0  0  0  0
   -2.4812   -0.1561   -0.6668 C    0  0  0  0  0  0  0  0  0  0  0  0
   -1.9022    1.0716   -0.4632 C    0  0  0  0  0  0  0  0  0  0  0  0
   -0.5343    1.1832   -0.0957 C    0  0  0  0  0  0  0  0  0  0  0  0
    0.0437    2.3849    0.1061 N    0  0  0  0  0  0  0  0  0  0  0  0
    3.4424   -0.9613    0.8732 H    0  0  0  0  0  0  0  0  0  0  0  0
    2.0080   -1.8738    1.3664 H    0  0  0  0  0  0  0  0  0  0  0  0
    2.4587   -1.8048   -0.3327 H    0  0  0  0  0  0  0  0  0  0  0  0
    0.1576   -2.1715   -0.0481 H    0  0  0  0  0  0  0  0  0  0  0  0
   -2.2053   -2.3037   -0.6811 H    0  0  0  0  0  0  0  0  0  0  0  0
   -3.5246   -0.2107   -0.9460 H    0  0  0  0  0  0  0  0  0  0  0  0
   -2.4782    1.9795   -0.5792 H    0  0  0  0  0  0  0  0  0  0  0  0
   -0.4667    3.2443    0.0055 H    0  0  0  0  0  0  0  0  0  0  0  0
    1.2006    2.2889    0.4100 H    0  0  0  0  0  0  0  0  0  0  0  0
  1  2  1  0
  2  3  2  0
  2  4  1  0
  4  5  2  0
  5  6  1  0
  6  7  2  0
  7  8  1  0
  8  9  2  0
  9 10  1  0
  9  4  1  0
  1 11  1  0
  1 12  1  0
  1 13  1  0
  5 14  1  0
  6 15  1  0
  7 16  1  0
  8 17  1  0
 10 18  1  0
 10 19  1  0
M  END
