
     RDKit          2D

 19 19  0  0  0  0  0  0  0  0999 V2000
    2.4472   -1.1355    0.5720 C    0  0  0  0  0  0  0  0  0  0  0  0
    1.5448    0.0394    0.3893 C    0  0  0  0  0  0  0  0  0  0  0  0
    2.1253    1.2149    0.5816 O    0  0  0  0  0  0  0  0  0  0  0  0
    0.1938   -0.0417    0.0449 C    0  0  0  0  0  0  0  0  0  0  0  0
   -0.4403   -1.3105   -0.1645 C    0  0  0  0  0  0  0  0  0  0  0  0
   -1.7542   -1.4036   -0.5000 C    0  0  0  0  0  0  0  0  0  0  0  0
   -2.5295   -0.2100   -0.6493 C    0  0  0  0  0  0  0  0  0  0  0  0
   -1.9834    1.0196   -0.4635 C    0  0  0  0  0  0  0  0  0  0  0  0
   -0.5935    1.1755   -0.1064 C    0  0  0  0  0  0  0  0  0  0  0  0
   -0.0112    2.3478    0.0864 N    0  0  0  0  0  0  0  0  0  0  0  0
    3.4402   -0.7819    0.8303 H    0  0  0  0  0  0  0  0  0  0  0  0
    2.0904   -1.7888    1.3678 H    0  0  0  0  0  0  0  0  0  0  0  0
    2.5130   -1.7304   -0.3385 H    0  0  0  0  0  0  0  0  0  0  0  0
    0.1480   -2.2097   -0.0505 H    0  0  0  0  0  0  0  0  0  0  0  0
   -2.2190   -2.3655   -0.6549 H    0  0  0  0  0  0  0  0  0  0  0  0
   -3.5742   -0.2952   -0.9165 H    0  0  0  0  0  0  0  0  0  0  0  0
   -2.5769    1.9167   -0.5782 H    0  0  0  0  0  0  0  0  0  0  0  0
   -0.5963    3.1678   -0.0296 H    0  0  0  0  0  0  0  0  0  0  0  0
    1.4058    1.9960    0.4305 H    0  0  0  0  0  0  0  0  0  0  0  0
  1  2  1  0
  2  3  2  0
  2  4  1  0
  4  5  2  0
  5  6  1  0
  6  7  2  0
  7  8  1  0
  8  9  2  0
  9 10  1  0
  9  4  1  0
  1 11  1  0
  1 12  1  0
  1 13  1  0
  5 14  1  0
  6 15  1  0
  7 16  1  0
  8 17  1  0
 10 18  1  0
 10 19  1  0
M  END
