
     RDKit          2D

 19 19  0  0  0  0  0  0  0  0999 V2000
    2.4289   -1.2664    0.5907 C    0  0  0  0  0  0  0  0  0  0  0  0
    1.6529    0.0140    0.4372 C    0  0  0  0  0  0  0  0  0  0  0  0
    2.2642    1.0998    0.6435 O    0  0  0  0  0  0  0  0  0  0  0  0
    0.2436   -0.0185    0.0621 C    0  0  0  0  0  0  0  0  0  0  0  0
   -0.4035   -1.2544   -0.1583 C    0  0  0  0  0  0  0  0  0  0  0  0
   -1.7310   -1.3344   -0.5150 C    0  0  0  0  0  0  0  0  0  0  0  0
   -2.4667   -0.1465   -0.6648 C    0  0  0  0  0  0  0  0  0  0  0  0
   -1.8769    1.0785   -0.4599 C    0  0  0  0  0  0  0  0  0  0  0  0
   -0.5122    1.1832   -0.0919 C    0  0  0  0  0  0  0  0  0  0  0  0
    0.0437    2.4045    0.1051 N    0  0  0  0  0  0  0  0  0  0  0  0
    3.4483   -1.0168    0.8673 H    0  0  0  0  0  0  0  0  0  0  0  0
    1.9985   -1.9028    1.3637 H    0  0  0  0  0  0  0  0  0  0  0  0
    2.4438   -1.8376   -0.3373 H    0  0  0  0  0  0  0  0  0  0  0  0
    0.1621   -2.1667   -0.0432 H    0  0  0  0  0  0  0  0  0  0  0  0
   -2.1999   -2.2930   -0.6771 H    0  0  0  0  0  0  0  0  0  0  0  0
   -3.5101   -0.1927   -0.9449 H    0  0  0  0  0  0  0  0  0  0  0  0
   -2.4485    1.9891   -0.5767 H    0  0  0  0  0  0  0  0  0  0  0  0
   -0.4910    3.2464   -0.0083 H    0  0  0  0  0  0  0  0  0  0  0  0
    1.1066    2.4208    0.3880 H    0  0  0  0  0  0  0  0  0  0  0  0
  1  2  1  0
  2  3  2  0
  2  4  1  0
  4  5  2  0
  5  6  1  0
  6  7  2  0
  7  8  1  0
  8  9  2  0
  9 10  1  0
  9  4  1  0
  1 11  1  0
  1 12  1  0
  1 13  1  0
  5 14  1  0
  6 15  1  0
  7 16  1  0
  8 17  1  0
 10 18  1  0
 10 19  1  0
M  END
