
     RDKit          2D

 19 19  0  0  0  0  0  0  0  0999 V2000
    2.4320   -1.2748    0.5920 C    0  0  0  0  0  0  0  0  0  0  0  0
    1.6595    0.0085    0.4399 C    0  0  0  0  0  0  0  0  0  0  0  0
    2.2648    1.0931    0.6467 O    0  0  0  0  0  0  0  0  0  0  0  0
    0.2476   -0.0228    0.0620 C    0  0  0  0  0  0  0  0  0  0  0  0
   -0.3991   -1.2572   -0.1604 C    0  0  0  0  0  0  0  0  0  0  0  0
   -1.7272   -1.3372   -0.5186 C    0  0  0  0  0  0  0  0  0  0  0  0
   -2.4613   -0.1500   -0.6675 C    0  0  0  0  0  0  0  0  0  0  0  0
   -1.8690    1.0743   -0.4598 C    0  0  0  0  0  0  0  0  0  0  0  0
   -0.5063    1.1779   -0.0905 C    0  0  0  0  0  0  0  0  0  0  0  0
    0.0392    2.4082    0.1062 N    0  0  0  0  0  0  0  0  0  0  0  0
    3.4515   -1.0281    0.8708 H    0  0  0  0  0  0  0  0  0  0  0  0
    1.9987   -1.9119    1.3628 H    0  0  0  0  0  0  0  0  0  0  0  0
    2.4471   -1.8441   -0.3373 H    0  0  0  0  0  0  0  0  0  0  0  0
    0.1663   -2.1696   -0.0457 H    0  0  0  0  0  0  0  0  0  0  0  0
   -2.1956   -2.2958   -0.6822 H    0  0  0  0  0  0  0  0  0  0  0  0
   -3.5045   -0.1939   -0.9486 H    0  0  0  0  0  0  0  0  0  0  0  0
   -2.4406    1.9851   -0.5763 H    0  0  0  0  0  0  0  0  0  0  0  0
   -0.5187    3.2345   -0.0084 H    0  0  0  0  0  0  0  0  0  0  0  0
    1.0023    2.4745    0.3670 H    0  0  0  0  0  0  0  0  0  0  0  0
  1  2  1  0
  2  3  2  0
  2  4  1  0
  4  5  2  0
  5  6  1  0
  6  7  2  0
  7  8  1  0
  8  9  2  0
  9 10  1  0
  9  4  1  0
  1 11  1  0
  1 12  1  0
  1 13  1  0
  5 14  1  0
  6 15  1  0
  7 16  1  0
  8 17  1  0
 10 18  1  0
 10 19  1  0
M  END
