
     RDKit          2D

 19 19  0  0  0  0  0  0  0  0999 V2000
    2.4294   -1.1663    0.5550 C    0  0  0  0  0  0  0  0  0  0  0  0
    1.5537    0.0324    0.3803 C    0  0  0  0  0  0  0  0  0  0  0  0
    2.2203    1.1788    0.5883 O    0  0  0  0  0  0  0  0  0  0  0  0
    0.2122   -0.0119    0.0443 C    0  0  0  0  0  0  0  0  0  0  0  0
   -0.4233   -1.2927   -0.1610 C    0  0  0  0  0  0  0  0  0  0  0  0
   -1.7317   -1.4036   -0.4907 C    0  0  0  0  0  0  0  0  0  0  0  0
   -2.5271   -0.2168   -0.6448 C    0  0  0  0  0  0  0  0  0  0  0  0
   -1.9943    1.0135   -0.4669 C    0  0  0  0  0  0  0  0  0  0  0  0
   -0.5976    1.2024   -0.1124 C    0  0  0  0  0  0  0  0  0  0  0  0
   -0.0638    2.3891    0.0645 N    0  0  0  0  0  0  0  0  0  0  0  0
    3.4303   -0.8359    0.8131 H    0  0  0  0  0  0  0  0  0  0  0  0
    2.0625   -1.8158    1.3490 H    0  0  0  0  0  0  0  0  0  0  0  0
    2.4834   -1.7577   -0.3582 H    0  0  0  0  0  0  0  0  0  0  0  0
    0.1721   -2.1861   -0.0455 H    0  0  0  0  0  0  0  0  0  0  0  0
   -2.1847   -2.3723   -0.6392 H    0  0  0  0  0  0  0  0  0  0  0  0
   -3.5713   -0.3175   -0.9083 H    0  0  0  0  0  0  0  0  0  0  0  0
   -2.5976    1.9041   -0.5838 H    0  0  0  0  0  0  0  0  0  0  0  0
   -0.7074    3.1665   -0.0668 H    0  0  0  0  0  0  0  0  0  0  0  0
    1.6417    1.9844    0.4734 H    0  0  0  0  0  0  0  0  0  0  0  0
  1  2  1  0
  2  3  2  0
  2  4  1  0
  4  5  2  0
  5  6  1  0
  6  7  2  0
  7  8  1  0
  8  9  2  0
  9 10  1  0
  9  4  1  0
  1 11  1  0
  1 12  1  0
  1 13  1  0
  5 14  1  0
  6 15  1  0
  7 16  1  0
  8 17  1  0
 10 18  1  0
 10 19  1  0
M  END
