
     RDKit          2D

 19 19  0  0  0  0  0  0  0  0999 V2000
    2.4224   -1.1922    0.5511 C    0  0  0  0  0  0  0  0  0  0  0  0
    1.5738    0.0302    0.3836 C    0  0  0  0  0  0  0  0  0  0  0  0
    2.3003    1.1446    0.6056 O    0  0  0  0  0  0  0  0  0  0  0  0
    0.2345    0.0097    0.0488 C    0  0  0  0  0  0  0  0  0  0  0  0
   -0.3993   -1.2784   -0.1545 C    0  0  0  0  0  0  0  0  0  0  0  0
   -1.7049   -1.4024   -0.4821 C    0  0  0  0  0  0  0  0  0  0  0  0
   -2.5150   -0.2239   -0.6400 C    0  0  0  0  0  0  0  0  0  0  0  0
   -1.9913    1.0082   -0.4669 C    0  0  0  0  0  0  0  0  0  0  0  0
   -0.5928    1.2177   -0.1144 C    0  0  0  0  0  0  0  0  0  0  0  0
   -0.0911    2.4154    0.0501 N    0  0  0  0  0  0  0  0  0  0  0  0
    3.4293   -0.8850    0.8137 H    0  0  0  0  0  0  0  0  0  0  0  0
    2.0413   -1.8397    1.3397 H    0  0  0  0  0  0  0  0  0  0  0  0
    2.4675   -1.7775   -0.3664 H    0  0  0  0  0  0  0  0  0  0  0  0
    0.2002   -2.1681   -0.0379 H    0  0  0  0  0  0  0  0  0  0  0  0
   -2.1474   -2.3765   -0.6265 H    0  0  0  0  0  0  0  0  0  0  0  0
   -3.5585   -0.3357   -0.9014 H    0  0  0  0  0  0  0  0  0  0  0  0
   -2.6013    1.8942   -0.5859 H    0  0  0  0  0  0  0  0  0  0  0  0
   -0.7639    3.1676   -0.0907 H    0  0  0  0  0  0  0  0  0  0  0  0
    1.8069    1.9872    0.5129 H    0  0  0  0  0  0  0  0  0  0  0  0
  1  2  1  0
  2  3  2  0
  2  4  1  0
  4  5  2  0
  5  6  1  0
  6  7  2  0
  7  8  1  0
  8  9  2  0
  9 10  1  0
  9  4  1  0
  1 11  1  0
  1 12  1  0
  1 13  1  0
  5 14  1  0
  6 15  1  0
  7 16  1  0
  8 17  1  0
 10 18  1  0
 10 19  1  0
M  END
