
     RDKit          2D

 19 19  0  0  0  0  0  0  0  0999 V2000
    2.4317   -1.1606    0.5575 C    0  0  0  0  0  0  0  0  0  0  0  0
    1.5499    0.0326    0.3811 C    0  0  0  0  0  0  0  0  0  0  0  0
    2.2012    1.1858    0.5864 O    0  0  0  0  0  0  0  0  0  0  0  0
    0.2076   -0.0179    0.0440 C    0  0  0  0  0  0  0  0  0  0  0  0
   -0.4277   -1.2970   -0.1618 C    0  0  0  0  0  0  0  0  0  0  0  0
   -1.7370   -1.4034   -0.4923 C    0  0  0  0  0  0  0  0  0  0  0  0
   -2.5292   -0.2152   -0.6460 C    0  0  0  0  0  0  0  0  0  0  0  0
   -1.9942    1.0148   -0.4669 C    0  0  0  0  0  0  0  0  0  0  0  0
   -0.5982    1.1976   -0.1117 C    0  0  0  0  0  0  0  0  0  0  0  0
   -0.0560    2.3815    0.0680 N    0  0  0  0  0  0  0  0  0  0  0  0
    3.4310   -0.8250    0.8151 H    0  0  0  0  0  0  0  0  0  0  0  0
    2.0677   -1.8108    1.3523 H    0  0  0  0  0  0  0  0  0  0  0  0
    2.4882   -1.7532   -0.3549 H    0  0  0  0  0  0  0  0  0  0  0  0
    0.1662   -2.1916   -0.0464 H    0  0  0  0  0  0  0  0  0  0  0  0
   -2.1926   -2.3706   -0.6418 H    0  0  0  0  0  0  0  0  0  0  0  0
   -3.5735   -0.3134   -0.9101 H    0  0  0  0  0  0  0  0  0  0  0  0
   -2.5957    1.9066   -0.5836 H    0  0  0  0  0  0  0  0  0  0  0  0
   -0.6911    3.1655   -0.0610 H    0  0  0  0  0  0  0  0  0  0  0  0
    1.6010    1.9832    0.4661 H    0  0  0  0  0  0  0  0  0  0  0  0
  1  2  1  0
  2  3  2  0
  2  4  1  0
  4  5  2  0
  5  6  1  0
  6  7  2  0
  7  8  1  0
  8  9  2  0
  9 10  1  0
  9  4  1  0
  1 11  1  0
  1 12  1  0
  1 13  1  0
  5 14  1  0
  6 15  1  0
  7 16  1  0
  8 17  1  0
 10 18  1  0
 10 19  1  0
M  END
