
     RDKit          2D

 19 19  0  0  0  0  0  0  0  0999 V2000
    2.4276   -1.1722    0.5529 C    0  0  0  0  0  0  0  0  0  0  0  0
    1.5581    0.0320    0.3799 C    0  0  0  0  0  0  0  0  0  0  0  0
    2.2397    1.1711    0.5908 O    0  0  0  0  0  0  0  0  0  0  0  0
    0.2172   -0.0066    0.0449 C    0  0  0  0  0  0  0  0  0  0  0  0
   -0.4173   -1.2895   -0.1596 C    0  0  0  0  0  0  0  0  0  0  0  0
   -1.7251   -1.4032   -0.4884 C    0  0  0  0  0  0  0  0  0  0  0  0
   -2.5248   -0.2186   -0.6434 C    0  0  0  0  0  0  0  0  0  0  0  0
   -1.9946    1.0123   -0.4668 C    0  0  0  0  0  0  0  0  0  0  0  0
   -0.5973    1.2061   -0.1132 C    0  0  0  0  0  0  0  0  0  0  0  0
   -0.0717    2.3956    0.0605 N    0  0  0  0  0  0  0  0  0  0  0  0
    3.4300   -0.8472    0.8118 H    0  0  0  0  0  0  0  0  0  0  0  0
    2.0576   -1.8212    1.3458 H    0  0  0  0  0  0  0  0  0  0  0  0
    2.4794   -1.7624   -0.3612 H    0  0  0  0  0  0  0  0  0  0  0  0
    0.1792   -2.1819   -0.0440 H    0  0  0  0  0  0  0  0  0  0  0  0
   -2.1756   -2.3732   -0.6357 H    0  0  0  0  0  0  0  0  0  0  0  0
   -3.5689   -0.3225   -0.9061 H    0  0  0  0  0  0  0  0  0  0  0  0
   -2.5997    1.9016   -0.5840 H    0  0  0  0  0  0  0  0  0  0  0  0
   -0.7230    3.1665   -0.0730 H    0  0  0  0  0  0  0  0  0  0  0  0
    1.6825    1.9856    0.4813 H    0  0  0  0  0  0  0  0  0  0  0  0
  1  2  1  0
  2  3  2  0
  2  4  1  0
  4  5  2  0
  5  6  1  0
  6  7  2  0
  7  8  1  0
  8  9  2  0
  9 10  1  0
  9  4  1  0
  1 11  1  0
  1 12  1  0
  1 13  1  0
  5 14  1  0
  6 15  1  0
  7 16  1  0
  8 17  1  0
 10 18  1  0
 10 19  1  0
M  END
