
     RDKit          2D

 19 19  0  0  0  0  0  0  0  0999 V2000
    2.4531   -1.1256    0.5794 C    0  0  0  0  0  0  0  0  0  0  0  0
    1.5516    0.0511    0.3969 C    0  0  0  0  0  0  0  0  0  0  0  0
    2.1104    1.2251    0.5869 O    0  0  0  0  0  0  0  0  0  0  0  0
    0.1926   -0.0427    0.0467 C    0  0  0  0  0  0  0  0  0  0  0  0
   -0.4354   -1.3086   -0.1645 C    0  0  0  0  0  0  0  0  0  0  0  0
   -1.7518   -1.4035   -0.5033 C    0  0  0  0  0  0  0  0  0  0  0  0
   -2.5243   -0.2131   -0.6511 C    0  0  0  0  0  0  0  0  0  0  0  0
   -1.9776    1.0194   -0.4617 C    0  0  0  0  0  0  0  0  0  0  0  0
   -0.5929    1.1689   -0.1036 C    0  0  0  0  0  0  0  0  0  0  0  0
   -0.0018    2.3419    0.0944 N    0  0  0  0  0  0  0  0  0  0  0  0
    3.4456   -0.7729    0.8405 H    0  0  0  0  0  0  0  0  0  0  0  0
    2.0929   -1.7801    1.3728 H    0  0  0  0  0  0  0  0  0  0  0  0
    2.5193   -1.7186   -0.3324 H    0  0  0  0  0  0  0  0  0  0  0  0
    0.1537   -2.2074   -0.0511 H    0  0  0  0  0  0  0  0  0  0  0  0
   -2.2145   -2.3659   -0.6604 H    0  0  0  0  0  0  0  0  0  0  0  0
   -3.5687   -0.2964   -0.9201 H    0  0  0  0  0  0  0  0  0  0  0  0
   -2.5714    1.9161   -0.5760 H    0  0  0  0  0  0  0  0  0  0  0  0
   -0.5617    3.1773   -0.0141 H    0  0  0  0  0  0  0  0  0  0  0  0
    1.3241    2.0313    0.4195 H    0  0  0  0  0  0  0  0  0  0  0  0
  1  2  1  0
  2  3  2  0
  2  4  1  0
  4  5  2  0
  5  6  1  0
  6  7  2  0
  7  8  1  0
  8  9  2  0
  9 10  1  0
  9  4  1  0
  1 11  1  0
  1 12  1  0
  1 13  1  0
  5 14  1  0
  6 15  1  0
  7 16  1  0
  8 17  1  0
 10 18  1  0
 10 19  1  0
M  END
