
     RDKit          2D

 19 19  0  0  0  0  0  0  0  0999 V2000
    2.4503   -1.1454    0.5869 C    0  0  0  0  0  0  0  0  0  0  0  0
    1.5649    0.0453    0.4060 C    0  0  0  0  0  0  0  0  0  0  0  0
    2.1269    1.2084    0.5999 O    0  0  0  0  0  0  0  0  0  0  0  0
    0.1995   -0.0420    0.0486 C    0  0  0  0  0  0  0  0  0  0  0  0
   -0.4327   -1.3013   -0.1676 C    0  0  0  0  0  0  0  0  0  0  0  0
   -1.7506   -1.3892   -0.5119 C    0  0  0  0  0  0  0  0  0  0  0  0
   -2.5138   -0.1965   -0.6587 C    0  0  0  0  0  0  0  0  0  0  0  0
   -1.9587    1.0339   -0.4635 C    0  0  0  0  0  0  0  0  0  0  0  0
   -0.5775    1.1705   -0.1013 C    0  0  0  0  0  0  0  0  0  0  0  0
    0.0220    2.3423    0.1023 N    0  0  0  0  0  0  0  0  0  0  0  0
    3.4462   -0.8064    0.8530 H    0  0  0  0  0  0  0  0  0  0  0  0
    2.0780   -1.7980    1.3763 H    0  0  0  0  0  0  0  0  0  0  0  0
    2.5114   -1.7354   -0.3272 H    0  0  0  0  0  0  0  0  0  0  0  0
    0.1505   -2.2039   -0.0548 H    0  0  0  0  0  0  0  0  0  0  0  0
   -2.2170   -2.3492   -0.6731 H    0  0  0  0  0  0  0  0  0  0  0  0
   -3.5578   -0.2713   -0.9315 H    0  0  0  0  0  0  0  0  0  0  0  0
   -2.5467    1.9343   -0.5774 H    0  0  0  0  0  0  0  0  0  0  0  0
   -0.5171    3.1899   -0.0014 H    0  0  0  0  0  0  0  0  0  0  0  0
    1.3018    2.0546    0.4217 H    0  0  0  0  0  0  0  0  0  0  0  0
  1  2  1  0
  2  3  2  0
  2  4  1  0
  4  5  2  0
  5  6  1  0
  6  7  2  0
  7  8  1  0
  8  9  2  0
  9 10  1  0
  9  4  1  0
  1 11  1  0
  1 12  1  0
  1 13  1  0
  5 14  1  0
  6 15  1  0
  7 16  1  0
  8 17  1  0
 10 18  1  0
 10 19  1  0
M  END
