
     RDKit          2D

 19 19  0  0  0  0  0  0  0  0999 V2000
    2.4247   -1.1854    0.5515 C    0  0  0  0  0  0  0  0  0  0  0  0
    1.5687    0.0306    0.3820 C    0  0  0  0  0  0  0  0  0  0  0  0
    2.2803    1.1537    0.6002 O    0  0  0  0  0  0  0  0  0  0  0  0
    0.2290    0.0040    0.0473 C    0  0  0  0  0  0  0  0  0  0  0  0
   -0.4050   -1.2825   -0.1560 C    0  0  0  0  0  0  0  0  0  0  0  0
   -1.7114   -1.4034   -0.4836 C    0  0  0  0  0  0  0  0  0  0  0  0
   -2.5182   -0.2229   -0.6407 C    0  0  0  0  0  0  0  0  0  0  0  0
   -1.9923    1.0088   -0.4669 C    0  0  0  0  0  0  0  0  0  0  0  0
   -0.5940    1.2135   -0.1145 C    0  0  0  0  0  0  0  0  0  0  0  0
   -0.0845    2.4087    0.0524 N    0  0  0  0  0  0  0  0  0  0  0  0
    3.4300   -0.8719    0.8132 H    0  0  0  0  0  0  0  0  0  0  0  0
    2.0474   -1.8337    1.3413 H    0  0  0  0  0  0  0  0  0  0  0  0
    2.4726   -1.7722   -0.3650 H    0  0  0  0  0  0  0  0  0  0  0  0
    0.1937   -2.1731   -0.0396 H    0  0  0  0  0  0  0  0  0  0  0  0
   -2.1565   -2.3762   -0.6287 H    0  0  0  0  0  0  0  0  0  0  0  0
   -3.5620   -0.3322   -0.9022 H    0  0  0  0  0  0  0  0  0  0  0  0
   -2.6007    1.8958   -0.5853 H    0  0  0  0  0  0  0  0  0  0  0  0
   -0.7504    3.1669   -0.0861 H    0  0  0  0  0  0  0  0  0  0  0  0
    1.7655    1.9868    0.5019 H    0  0  0  0  0  0  0  0  0  0  0  0
  1  2  1  0
  2  3  2  0
  2  4  1  0
  4  5  2  0
  5  6  1  0
  6  7  2  0
  7  8  1  0
  8  9  2  0
  9 10  1  0
  9  4  1  0
  1 11  1  0
  1 12  1  0
  1 13  1  0
  5 14  1  0
  6 15  1  0
  7 16  1  0
  8 17  1  0
 10 18  1  0
 10 19  1  0
M  END
