
     RDKit          2D

 19 19  0  0  0  0  0  0  0  0999 V2000
    2.4373   -1.1505    0.5623 C    0  0  0  0  0  0  0  0  0  0  0  0
    1.5450    0.0333    0.3829 C    0  0  0  0  0  0  0  0  0  0  0  0
    2.1666    1.1983    0.5823 O    0  0  0  0  0  0  0  0  0  0  0  0
    0.2003   -0.0293    0.0438 C    0  0  0  0  0  0  0  0  0  0  0  0
   -0.4357   -1.3041   -0.1630 C    0  0  0  0  0  0  0  0  0  0  0  0
   -1.7467   -1.4043   -0.4951 C    0  0  0  0  0  0  0  0  0  0  0  0
   -2.5313   -0.2127   -0.6470 C    0  0  0  0  0  0  0  0  0  0  0  0
   -1.9913    1.0167   -0.4657 C    0  0  0  0  0  0  0  0  0  0  0  0
   -0.5971    1.1883   -0.1097 C    0  0  0  0  0  0  0  0  0  0  0  0
   -0.0381    2.3668    0.0752 N    0  0  0  0  0  0  0  0  0  0  0  0
    3.4339   -0.8057    0.8188 H    0  0  0  0  0  0  0  0  0  0  0  0
    2.0782   -1.8016    1.3588 H    0  0  0  0  0  0  0  0  0  0  0  0
    2.4977   -1.7450   -0.3486 H    0  0  0  0  0  0  0  0  0  0  0  0
    0.1556   -2.2008   -0.0481 H    0  0  0  0  0  0  0  0  0  0  0  0
   -2.2071   -2.3689   -0.6464 H    0  0  0  0  0  0  0  0  0  0  0  0
   -3.5758   -0.3052   -0.9122 H    0  0  0  0  0  0  0  0  0  0  0  0
   -2.5891    1.9109   -0.5818 H    0  0  0  0  0  0  0  0  0  0  0  0
   -0.6553    3.1645   -0.0490 H    0  0  0  0  0  0  0  0  0  0  0  0
    1.5219    1.9823    0.4507 H    0  0  0  0  0  0  0  0  0  0  0  0
  1  2  1  0
  2  3  2  0
  2  4  1  0
  4  5  2  0
  5  6  1  0
  6  7  2  0
  7  8  1  0
  8  9  2  0
  9 10  1  0
  9  4  1  0
  1 11  1  0
  1 12  1  0
  1 13  1  0
  5 14  1  0
  6 15  1  0
  7 16  1  0
  8 17  1  0
 10 18  1  0
 10 19  1  0
M  END
