
     RDKit          2D

 19 19  0  0  0  0  0  0  0  0999 V2000
    2.4264   -1.1784    0.5517 C    0  0  0  0  0  0  0  0  0  0  0  0
    1.5634    0.0315    0.3804 C    0  0  0  0  0  0  0  0  0  0  0  0
    2.2600    1.1629    0.5945 O    0  0  0  0  0  0  0  0  0  0  0  0
    0.2231   -0.0013    0.0458 C    0  0  0  0  0  0  0  0  0  0  0  0
   -0.4110   -1.2862   -0.1579 C    0  0  0  0  0  0  0  0  0  0  0  0
   -1.7181   -1.4034   -0.4858 C    0  0  0  0  0  0  0  0  0  0  0  0
   -2.5217   -0.2211   -0.6417 C    0  0  0  0  0  0  0  0  0  0  0  0
   -1.9938    1.0103   -0.4666 C    0  0  0  0  0  0  0  0  0  0  0  0
   -0.5959    1.2098   -0.1139 C    0  0  0  0  0  0  0  0  0  0  0  0
   -0.0785    2.4022    0.0563 N    0  0  0  0  0  0  0  0  0  0  0  0
    3.4302   -0.8589    0.8118 H    0  0  0  0  0  0  0  0  0  0  0  0
    2.0530   -1.8270    1.3432 H    0  0  0  0  0  0  0  0  0  0  0  0
    2.4762   -1.7670   -0.3635 H    0  0  0  0  0  0  0  0  0  0  0  0
    0.1868   -2.1775   -0.0420 H    0  0  0  0  0  0  0  0  0  0  0  0
   -2.1659   -2.3749   -0.6320 H    0  0  0  0  0  0  0  0  0  0  0  0
   -3.5657   -0.3279   -0.9036 H    0  0  0  0  0  0  0  0  0  0  0  0
   -2.6007    1.8984   -0.5842 H    0  0  0  0  0  0  0  0  0  0  0  0
   -0.7374    3.1666   -0.0796 H    0  0  0  0  0  0  0  0  0  0  0  0
    1.7240    1.9866    0.4903 H    0  0  0  0  0  0  0  0  0  0  0  0
  1  2  1  0
  2  3  2  0
  2  4  1  0
  4  5  2  0
  5  6  1  0
  6  7  2  0
  7  8  1  0
  8  9  2  0
  9 10  1  0
  9  4  1  0
  1 11  1  0
  1 12  1  0
  1 13  1  0
  5 14  1  0
  6 15  1  0
  7 16  1  0
  8 17  1  0
 10 18  1  0
 10 19  1  0
M  END
