
     RDKit          2D

 19 19  0  0  0  0  0  0  0  0999 V2000
    2.4303   -1.2709    0.5907 C    0  0  0  0  0  0  0  0  0  0  0  0
    1.6564    0.0113    0.4376 C    0  0  0  0  0  0  0  0  0  0  0  0
    2.2647    1.0962    0.6435 O    0  0  0  0  0  0  0  0  0  0  0  0
    0.2454   -0.0208    0.0613 C    0  0  0  0  0  0  0  0  0  0  0  0
   -0.4012   -1.2562   -0.1596 C    0  0  0  0  0  0  0  0  0  0  0  0
   -1.7291   -1.3371   -0.5164 C    0  0  0  0  0  0  0  0  0  0  0  0
   -2.4647   -0.1500   -0.6655 C    0  0  0  0  0  0  0  0  0  0  0  0
   -1.8740    1.0748   -0.4597 C    0  0  0  0  0  0  0  0  0  0  0  0
   -0.5102    1.1798   -0.0919 C    0  0  0  0  0  0  0  0  0  0  0  0
    0.0386    2.4069    0.1037 N    0  0  0  0  0  0  0  0  0  0  0  0
    3.4496   -1.0229    0.8692 H    0  0  0  0  0  0  0  0  0  0  0  0
    1.9979   -1.9079    1.3620 H    0  0  0  0  0  0  0  0  0  0  0  0
    2.4460   -1.8409   -0.3381 H    0  0  0  0  0  0  0  0  0  0  0  0
    0.1648   -2.1682   -0.0448 H    0  0  0  0  0  0  0  0  0  0  0  0
   -2.1973   -2.2960   -0.6788 H    0  0  0  0  0  0  0  0  0  0  0  0
   -3.5082   -0.1956   -0.9454 H    0  0  0  0  0  0  0  0  0  0  0  0
   -2.4461    1.9853   -0.5761 H    0  0  0  0  0  0  0  0  0  0  0  0
   -0.5098    3.2399   -0.0090 H    0  0  0  0  0  0  0  0  0  0  0  0
    1.0517    2.4545    0.3756 H    0  0  0  0  0  0  0  0  0  0  0  0
  1  2  1  0
  2  3  2  0
  2  4  1  0
  4  5  2  0
  5  6  1  0
  6  7  2  0
  7  8  1  0
  8  9  2  0
  9 10  1  0
  9  4  1  0
  1 11  1  0
  1 12  1  0
  1 13  1  0
  5 14  1  0
  6 15  1  0
  7 16  1  0
  8 17  1  0
 10 18  1  0
 10 19  1  0
M  END
