
     RDKit          2D

 19 19  0  0  0  0  0  0  0  0999 V2000
    2.4405   -1.1459    0.5652 C    0  0  0  0  0  0  0  0  0  0  0  0
    1.5440    0.0341    0.3842 C    0  0  0  0  0  0  0  0  0  0  0  0
    2.1514    1.2036    0.5805 O    0  0  0  0  0  0  0  0  0  0  0  0
    0.1975   -0.0344    0.0439 C    0  0  0  0  0  0  0  0  0  0  0  0
   -0.4385   -1.3072   -0.1637 C    0  0  0  0  0  0  0  0  0  0  0  0
   -1.7505   -1.4041   -0.4966 C    0  0  0  0  0  0  0  0  0  0  0  0
   -2.5316   -0.2113   -0.6476 C    0  0  0  0  0  0  0  0  0  0  0  0
   -1.9889    1.0177   -0.4648 C    0  0  0  0  0  0  0  0  0  0  0  0
   -0.5958    1.1837   -0.1087 C    0  0  0  0  0  0  0  0  0  0  0  0
   -0.0285    2.3597    0.0789 N    0  0  0  0  0  0  0  0  0  0  0  0
    3.4357   -0.7974    0.8222 H    0  0  0  0  0  0  0  0  0  0  0  0
    2.0826   -1.7977    1.3616 H    0  0  0  0  0  0  0  0  0  0  0  0
    2.5032   -1.7408   -0.3454 H    0  0  0  0  0  0  0  0  0  0  0  0
    0.1514   -2.2049   -0.0492 H    0  0  0  0  0  0  0  0  0  0  0  0
   -2.2130   -2.3675   -0.6490 H    0  0  0  0  0  0  0  0  0  0  0  0
   -3.5763   -0.3009   -0.9133 H    0  0  0  0  0  0  0  0  0  0  0  0
   -2.5849    1.9132   -0.5804 H    0  0  0  0  0  0  0  0  0  0  0  0
   -0.6357    3.1647   -0.0427 H    0  0  0  0  0  0  0  0  0  0  0  0
    1.4836    1.9836    0.4424 H    0  0  0  0  0  0  0  0  0  0  0  0
  1  2  1  0
  2  3  2  0
  2  4  1  0
  4  5  2  0
  5  6  1  0
  6  7  2  0
  7  8  1  0
  8  9  2  0
  9 10  1  0
  9  4  1  0
  1 11  1  0
  1 12  1  0
  1 13  1  0
  5 14  1  0
  6 15  1  0
  7 16  1  0
  8 17  1  0
 10 18  1  0
 10 19  1  0
M  END
