
     RDKit          2D

 19 19  0  0  0  0  0  0  0  0999 V2000
    2.4318   -1.1961    0.5967 C    0  0  0  0  0  0  0  0  0  0  0  0
    1.6002    0.0406    0.4279 C    0  0  0  0  0  0  0  0  0  0  0  0
    2.1872    1.1638    0.6317 O    0  0  0  0  0  0  0  0  0  0  0  0
    0.2128   -0.0246    0.0561 C    0  0  0  0  0  0  0  0  0  0  0  0
   -0.4232   -1.2721   -0.1658 C    0  0  0  0  0  0  0  0  0  0  0  0
   -1.7455   -1.3565   -0.5206 C    0  0  0  0  0  0  0  0  0  0  0  0
   -2.4951   -0.1670   -0.6689 C    0  0  0  0  0  0  0  0  0  0  0  0
   -1.9256    1.0623   -0.4654 C    0  0  0  0  0  0  0  0  0  0  0  0
   -0.5546    1.1811   -0.0965 C    0  0  0  0  0  0  0  0  0  0  0  0
    0.0372    2.3686    0.1107 N    0  0  0  0  0  0  0  0  0  0  0  0
    3.4386   -0.9023    0.8753 H    0  0  0  0  0  0  0  0  0  0  0  0
    2.0248   -1.8440    1.3727 H    0  0  0  0  0  0  0  0  0  0  0  0
    2.4747   -1.7737   -0.3264 H    0  0  0  0  0  0  0  0  0  0  0  0
    0.1519   -2.1793   -0.0516 H    0  0  0  0  0  0  0  0  0  0  0  0
   -2.2118   -2.3159   -0.6853 H    0  0  0  0  0  0  0  0  0  0  0  0
   -3.5381   -0.2286   -0.9484 H    0  0  0  0  0  0  0  0  0  0  0  0
   -2.5058    1.9675   -0.5809 H    0  0  0  0  0  0  0  0  0  0  0  0
   -0.4704    3.2315    0.0129 H    0  0  0  0  0  0  0  0  0  0  0  0
    1.2349    2.1919    0.4217 H    0  0  0  0  0  0  0  0  0  0  0  0
  1  2  1  0
  2  3  2  0
  2  4  1  0
  4  5  2  0
  5  6  1  0
  6  7  2  0
  7  8  1  0
  8  9  2  0
  9 10  1  0
  9  4  1  0
  1 11  1  0
  1 12  1  0
  1 13  1  0
  5 14  1  0
  6 15  1  0
  7 16  1  0
  8 17  1  0
 10 18  1  0
 10 19  1  0
M  END
