
     RDKit          2D

 19 19  0  0  0  0  0  0  0  0999 V2000
    2.4506   -1.1302    0.5757 C    0  0  0  0  0  0  0  0  0  0  0  0
    1.5474    0.0444    0.3928 C    0  0  0  0  0  0  0  0  0  0  0  0
    2.1159    1.2204    0.5836 O    0  0  0  0  0  0  0  0  0  0  0  0
    0.1930   -0.0431    0.0458 C    0  0  0  0  0  0  0  0  0  0  0  0
   -0.4387   -1.3104   -0.1645 C    0  0  0  0  0  0  0  0  0  0  0  0
   -1.7537   -1.4036   -0.5016 C    0  0  0  0  0  0  0  0  0  0  0  0
   -2.5270   -0.2109   -0.6502 C    0  0  0  0  0  0  0  0  0  0  0  0
   -1.9803    1.0199   -0.4627 C    0  0  0  0  0  0  0  0  0  0  0  0
   -0.5926    1.1721   -0.1050 C    0  0  0  0  0  0  0  0  0  0  0  0
   -0.0048    2.3439    0.0904 N    0  0  0  0  0  0  0  0  0  0  0  0
    3.4430   -0.7759    0.8353 H    0  0  0  0  0  0  0  0  0  0  0  0
    2.0928   -1.7842    1.3705 H    0  0  0  0  0  0  0  0  0  0  0  0
    2.5172   -1.7243   -0.3353 H    0  0  0  0  0  0  0  0  0  0  0  0
    0.1496   -2.2096   -0.0506 H    0  0  0  0  0  0  0  0  0  0  0  0
   -2.2182   -2.3654   -0.6577 H    0  0  0  0  0  0  0  0  0  0  0  0
   -3.5715   -0.2947   -0.9184 H    0  0  0  0  0  0  0  0  0  0  0  0
   -2.5735    1.9171   -0.5773 H    0  0  0  0  0  0  0  0  0  0  0  0
   -0.5778    3.1715   -0.0224 H    0  0  0  0  0  0  0  0  0  0  0  0
    1.3658    2.0095    0.4251 H    0  0  0  0  0  0  0  0  0  0  0  0
  1  2  1  0
  2  3  2  0
  2  4  1  0
  4  5  2  0
  5  6  1  0
  6  7  2  0
  7  8  1  0
  8  9  2  0
  9 10  1  0
  9  4  1  0
  1 11  1  0
  1 12  1  0
  1 13  1  0
  5 14  1  0
  6 15  1  0
  7 16  1  0
  8 17  1  0
 10 18  1  0
 10 19  1  0
M  END
