
     RDKit          2D

 19 19  0  0  0  0  0  0  0  0999 V2000
    2.4263   -1.2580    0.5925 C    0  0  0  0  0  0  0  0  0  0  0  0
    1.6429    0.0164    0.4356 C    0  0  0  0  0  0  0  0  0  0  0  0
    2.2540    1.1070    0.6418 O    0  0  0  0  0  0  0  0  0  0  0  0
    0.2373   -0.0203    0.0607 C    0  0  0  0  0  0  0  0  0  0  0  0
   -0.4091   -1.2577   -0.1599 C    0  0  0  0  0  0  0  0  0  0  0  0
   -1.7359   -1.3373   -0.5158 C    0  0  0  0  0  0  0  0  0  0  0  0
   -2.4733   -0.1485   -0.6650 C    0  0  0  0  0  0  0  0  0  0  0  0
   -1.8864    1.0769   -0.4606 C    0  0  0  0  0  0  0  0  0  0  0  0
   -0.5202    1.1826   -0.0932 C    0  0  0  0  0  0  0  0  0  0  0  0
    0.0461    2.3953    0.1051 N    0  0  0  0  0  0  0  0  0  0  0  0
    3.4439   -1.0025    0.8702 H    0  0  0  0  0  0  0  0  0  0  0  0
    1.9981   -1.8958    1.3656 H    0  0  0  0  0  0  0  0  0  0  0  0
    2.4457   -1.8305   -0.3347 H    0  0  0  0  0  0  0  0  0  0  0  0
    0.1572   -2.1696   -0.0450 H    0  0  0  0  0  0  0  0  0  0  0  0
   -2.2052   -2.2957   -0.6783 H    0  0  0  0  0  0  0  0  0  0  0  0
   -3.5169   -0.1970   -0.9443 H    0  0  0  0  0  0  0  0  0  0  0  0
   -2.4586    1.9872   -0.5766 H    0  0  0  0  0  0  0  0  0  0  0  0
   -0.4750    3.2468   -0.0024 H    0  0  0  0  0  0  0  0  0  0  0  0
    1.1575    2.3644    0.3988 H    0  0  0  0  0  0  0  0  0  0  0  0
  1  2  1  0
  2  3  2  0
  2  4  1  0
  4  5  2  0
  5  6  1  0
  6  7  2  0
  7  8  1  0
  8  9  2  0
  9 10  1  0
  9  4  1  0
  1 11  1  0
  1 12  1  0
  1 13  1  0
  5 14  1  0
  6 15  1  0
  7 16  1  0
  8 17  1  0
 10 18  1  0
 10 19  1  0
M  END
