
     RDKit          2D

 19 19  0  0  0  0  0  0  0  0999 V2000
    2.4390   -1.1560    0.5902 C    0  0  0  0  0  0  0  0  0  0  0  0
    1.5711    0.0506    0.4135 C    0  0  0  0  0  0  0  0  0  0  0  0
    2.1373    1.1994    0.6105 O    0  0  0  0  0  0  0  0  0  0  0  0
    0.1962   -0.0343    0.0500 C    0  0  0  0  0  0  0  0  0  0  0  0
   -0.4328   -1.2905   -0.1682 C    0  0  0  0  0  0  0  0  0  0  0  0
   -1.7527   -1.3812   -0.5168 C    0  0  0  0  0  0  0  0  0  0  0  0
   -2.5136   -0.1924   -0.6642 C    0  0  0  0  0  0  0  0  0  0  0  0
   -1.9565    1.0397   -0.4657 C    0  0  0  0  0  0  0  0  0  0  0  0
   -0.5803    1.1725   -0.1009 C    0  0  0  0  0  0  0  0  0  0  0  0
    0.0156    2.3511    0.1052 N    0  0  0  0  0  0  0  0  0  0  0  0
    3.4391   -0.8317    0.8591 H    0  0  0  0  0  0  0  0  0  0  0  0
    2.0559   -1.8064    1.3763 H    0  0  0  0  0  0  0  0  0  0  0  0
    2.4926   -1.7428   -0.3264 H    0  0  0  0  0  0  0  0  0  0  0  0
    0.1499   -2.1932   -0.0546 H    0  0  0  0  0  0  0  0  0  0  0  0
   -2.2160   -2.3424   -0.6792 H    0  0  0  0  0  0  0  0  0  0  0  0
   -3.5570   -0.2650   -0.9398 H    0  0  0  0  0  0  0  0  0  0  0  0
   -2.5442    1.9402   -0.5803 H    0  0  0  0  0  0  0  0  0  0  0  0
   -0.5075    3.2069    0.0056 H    0  0  0  0  0  0  0  0  0  0  0  0
    1.2542    2.1111    0.4185 H    0  0  0  0  0  0  0  0  0  0  0  0
  1  2  1  0
  2  3  2  0
  2  4  1  0
  4  5  2  0
  5  6  1  0
  6  7  2  0
  7  8  1  0
  8  9  2  0
  9 10  1  0
  9  4  1  0
  1 11  1  0
  1 12  1  0
  1 13  1  0
  5 14  1  0
  6 15  1  0
  7 16  1  0
  8 17  1  0
 10 18  1  0
 10 19  1  0
M  END
