
     RDKit          2D

 19 19  0  0  0  0  0  0  0  0999 V2000
    2.4343   -1.1555    0.5599 C    0  0  0  0  0  0  0  0  0  0  0  0
    1.5470    0.0327    0.3818 C    0  0  0  0  0  0  0  0  0  0  0  0
    2.1834    1.1922    0.5840 O    0  0  0  0  0  0  0  0  0  0  0  0
    0.2036   -0.0238    0.0438 C    0  0  0  0  0  0  0  0  0  0  0  0
   -0.4321   -1.3008   -0.1625 C    0  0  0  0  0  0  0  0  0  0  0  0
   -1.7422   -1.4041   -0.4937 C    0  0  0  0  0  0  0  0  0  0  0  0
   -2.5306   -0.2141   -0.6466 C    0  0  0  0  0  0  0  0  0  0  0  0
   -1.9931    1.0155   -0.4664 C    0  0  0  0  0  0  0  0  0  0  0  0
   -0.5979    1.1928   -0.1108 C    0  0  0  0  0  0  0  0  0  0  0  0
   -0.0473    2.3739    0.0716 N    0  0  0  0  0  0  0  0  0  0  0  0
    3.4322   -0.8151    0.8170 H    0  0  0  0  0  0  0  0  0  0  0  0
    2.0729   -1.8062    1.3556 H    0  0  0  0  0  0  0  0  0  0  0  0
    2.4929   -1.7491   -0.3517 H    0  0  0  0  0  0  0  0  0  0  0  0
    0.1605   -2.1965   -0.0473 H    0  0  0  0  0  0  0  0  0  0  0  0
   -2.2003   -2.3700   -0.6440 H    0  0  0  0  0  0  0  0  0  0  0  0
   -3.5750   -0.3094   -0.9112 H    0  0  0  0  0  0  0  0  0  0  0  0
   -2.5927    1.9086   -0.5828 H    0  0  0  0  0  0  0  0  0  0  0  0
   -0.6737    3.1647   -0.0550 H    0  0  0  0  0  0  0  0  0  0  0  0
    1.5613    1.9824    0.4579 H    0  0  0  0  0  0  0  0  0  0  0  0
  1  2  1  0
  2  3  2  0
  2  4  1  0
  4  5  2  0
  5  6  1  0
  6  7  2  0
  7  8  1  0
  8  9  2  0
  9 10  1  0
  9  4  1  0
  1 11  1  0
  1 12  1  0
  1 13  1  0
  5 14  1  0
  6 15  1  0
  7 16  1  0
  8 17  1  0
 10 18  1  0
 10 19  1  0
M  END
