
     RDKit          2D

 56 59  0  0  0  0  0  0  0  0999 V2000
    3.7071    2.2402    0.5574 O    0  0  0  0  0  0  0  0  0  0  0  0
    3.1844    1.1840    0.1502 C    0  0  0  0  0  0  0  0  0  0  0  0
    2.4227    1.1729   -1.1234 C    0  0  0  0  0  0  0  0  0  0  0  0
    2.0264    2.3961   -1.6759 C    0  0  0  0  0  0  0  0  0  0  0  0
    1.3250    2.4302   -2.8736 C    0  0  0  0  0  0  0  0  0  0  0  0
    1.0223    1.2415   -3.5364 C    0  0  0  0  0  0  0  0  0  0  0  0
    1.4265    0.0211   -3.0001 C    0  0  0  0  0  0  0  0  0  0  0  0
    2.1225   -0.0152   -1.7974 C    0  0  0  0  0  0  0  0  0  0  0  0
    3.3788   -0.0747    0.9291 C    0  0  0  0  0  0  0  0  0  0  0  0
    4.6942   -0.4375    1.2316 C    0  0  0  0  0  0  0  0  0  0  0  0
    4.9703   -1.6162    1.9082 C    0  0  0  0  0  0  0  0  0  0  0  0
    3.9171   -2.4322    2.3125 C    0  0  0  0  0  0  0  0  0  0  0  0
    2.6011   -2.0665    2.0610 C    0  0  0  0  0  0  0  0  0  0  0  0
    2.3190   -0.8873    1.3672 C    0  0  0  0  0  0  0  0  0  0  0  0
    0.9877   -0.4511    1.1491 N    0  0  0  0  0  0  0  0  0  0  0  0
   -0.0941   -1.2698    0.8993 C    0  0  0  0  0  0  0  0  0  0  0  0
   -0.0198   -2.5233    0.9738 O    0  0  0  0  0  0  0  0  0  0  0  0
   -1.2609   -0.6331    0.5654 N    0  0  0  0  0  0  0  0  0  0  0  0
   -2.4869   -1.4355    0.4294 C    0  0  0  0  0  0  0  0  0  0  0  0
   -2.8454   -1.7479   -1.0071 C    0  0  0  0  0  0  0  0  0  0  0  0
   -4.0250   -1.2606   -1.5695 C    0  0  0  0  0  0  0  0  0  0  0  0
   -4.3560   -1.5518   -2.8923 C    0  0  0  0  0  0  0  0  0  0  0  0
   -3.5058   -2.3348   -3.6654 C    0  0  0  0  0  0  0  0  0  0  0  0
   -2.3250   -2.8280   -3.1103 C    0  0  0  0  0  0  0  0  0  0  0  0
   -1.9971   -2.5374   -1.7910 C    0  0  0  0  0  0  0  0  0  0  0  0
   -1.3328    0.7835    0.2082 C    0  0  0  0  0  0  0  0  0  0  0  0
   -1.3824    1.7443    1.3846 C    0  0  0  0  0  0  0  0  0  0  0  0
   -1.1162    3.0993    1.1677 C    0  0  0  0  0  0  0  0  0  0  0  0
   -1.1872    4.0113    2.2152 C    0  0  0  0  0  0  0  0  0  0  0  0
   -1.5222    3.5786    3.4965 C    0  0  0  0  0  0  0  0  0  0  0  0
   -1.7825    2.2304    3.7210 C    0  0  0  0  0  0  0  0  0  0  0  0
   -1.7126    1.3178    2.6705 C    0  0  0  0  0  0  0  0  0  0  0  0
    2.2764    3.3069   -1.1527 H    0  0  0  0  0  0  0  0  0  0  0  0
    1.0169    3.3774   -3.2919 H    0  0  0  0  0  0  0  0  0  0  0  0
    0.4760    1.2663   -4.4684 H    0  0  0  0  0  0  0  0  0  0  0  0
    1.1979   -0.8996   -3.5164 H    0  0  0  0  0  0  0  0  0  0  0  0
    2.4364   -0.9634   -1.3868 H    0  0  0  0  0  0  0  0  0  0  0  0
    5.4963    0.2124    0.9133 H    0  0  0  0  0  0  0  0  0  0  0  0
    5.9922   -1.8943    2.1190 H    0  0  0  0  0  0  0  0  0  0  0  0
    4.1167   -3.3516    2.8439 H    0  0  0  0  0  0  0  0  0  0  0  0
    1.7855   -2.6870    2.3866 H    0  0  0  0  0  0  0  0  0  0  0  0
    0.8269    0.5405    1.2046 H    0  0  0  0  0  0  0  0  0  0  0  0
   -2.3292   -2.3547    0.9861 H    0  0  0  0  0  0  0  0  0  0  0  0
   -3.3017   -0.8883    0.9032 H    0  0  0  0  0  0  0  0  0  0  0  0
   -4.6904   -0.6534   -0.9695 H    0  0  0  0  0  0  0  0  0  0  0  0
   -5.2739   -1.1674   -3.3145 H    0  0  0  0  0  0  0  0  0  0  0  0
   -3.7602   -2.5632   -4.6908 H    0  0  0  0  0  0  0  0  0  0  0  0
   -1.6649   -3.4442   -3.7046 H    0  0  0  0  0  0  0  0  0  0  0  0
   -1.0890   -2.9274   -1.3531 H    0  0  0  0  0  0  0  0  0  0  0  0
   -2.2297    0.9080   -0.3982 H    0  0  0  0  0  0  0  0  0  0  0  0
   -0.5009    1.0412   -0.4492 H    0  0  0  0  0  0  0  0  0  0  0  0
   -0.8497    3.4392    0.1750 H    0  0  0  0  0  0  0  0  0  0  0  0
   -0.9757    5.0556    2.0340 H    0  0  0  0  0  0  0  0  0  0  0  0
   -1.5734    4.2854    4.3123 H    0  0  0  0  0  0  0  0  0  0  0  0
   -2.0370    1.8859    4.7133 H    0  0  0  0  0  0  0  0  0  0  0  0
   -1.9056    0.2700    2.8514 H    0  0  0  0  0  0  0  0  0  0  0  0
  1  2  2  0
  2  3  1  0
  3  4  2  0
  4  5  1  0
  5  6  2  0
  6  7  1  0
  7  8  2  0
  2  9  1  0
  9 10  2  0
 10 11  1  0
 11 12  2  0
 12 13  1  0
 13 14  2  0
 14 15  1  0
 15 16  1  0
 16 17  2  0
 16 18  1  0
 18 19  1  0
 19 20  1  0
 20 21  2  0
 21 22  1  0
 22 23  2  0
 23 24  1  0
 24 25  2  0
 18 26  1  0
 26 27  1  0
 27 28  2  0
 28 29  1  0
 29 30  2  0
 30 31  1  0
 31 32  2  0
  8  3  1  0
 14  9  1  0
 25 20  1  0
 32 27  1  0
  4 33  1  0
  5 34  1  0
  6 35  1  0
  7 36  1  0
  8 37  1  0
 10 38  1  0
 11 39  1  0
 12 40  1  0
 13 41  1  0
 15 42  1  0
 19 43  1  0
 19 44  1  0
 21 45  1  0
 22 46  1  0
 23 47  1  0
 24 48  1  0
 25 49  1  0
 26 50  1  0
 26 51  1  0
 28 52  1  0
 29 53  1  0
 30 54  1  0
 31 55  1  0
 32 56  1  0
M  END
