
     RDKit          2D

 56 59  0  0  0  0  0  0  0  0999 V2000
    3.9105   -0.5825   -2.2958 O    0  0  0  0  0  0  0  0  0  0  0  0
    3.4786   -0.1983   -1.1922 C    0  0  0  0  0  0  0  0  0  0  0  0
    2.9490    1.1809   -1.0473 C    0  0  0  0  0  0  0  0  0  0  0  0
    2.9621    1.8448    0.1853 C    0  0  0  0  0  0  0  0  0  0  0  0
    2.5271    3.1631    0.2725 C    0  0  0  0  0  0  0  0  0  0  0  0
    2.0711    3.8229   -0.8647 C    0  0  0  0  0  0  0  0  0  0  0  0
    2.0581    3.1681   -2.0961 C    0  0  0  0  0  0  0  0  0  0  0  0
    2.5018    1.8568   -2.1890 C    0  0  0  0  0  0  0  0  0  0  0  0
    3.5824   -1.1048   -0.0128 C    0  0  0  0  0  0  0  0  0  0  0  0
    4.8220   -1.7204    0.1846 C    0  0  0  0  0  0  0  0  0  0  0  0
    5.0296   -2.6050    1.2313 C    0  0  0  0  0  0  0  0  0  0  0  0
    3.9731   -2.8951    2.0885 C    0  0  0  0  0  0  0  0  0  0  0  0
    2.7259   -2.3150    1.8988 C    0  0  0  0  0  0  0  0  0  0  0  0
    2.5077   -1.4232    0.8440 C    0  0  0  0  0  0  0  0  0  0  0  0
    1.2298   -0.8534    0.6140 N    0  0  0  0  0  0  0  0  0  0  0  0
    0.0150   -1.4396    0.9168 C    0  0  0  0  0  0  0  0  0  0  0  0
   -0.0698   -2.5185    1.5568 O    0  0  0  0  0  0  0  0  0  0  0  0
   -1.1081   -0.7756    0.4928 N    0  0  0  0  0  0  0  0  0  0  0  0
   -2.4228   -1.2820    0.9213 C    0  0  0  0  0  0  0  0  0  0  0  0
   -3.1426   -2.0575   -0.1597 C    0  0  0  0  0  0  0  0  0  0  0  0
   -4.3526   -1.5992   -0.6806 C    0  0  0  0  0  0  0  0  0  0  0  0
   -5.0166   -2.3170   -1.6745 C    0  0  0  0  0  0  0  0  0  0  0  0
   -4.4720   -3.5017   -2.1577 C    0  0  0  0  0  0  0  0  0  0  0  0
   -3.2628   -3.9677   -1.6419 C    0  0  0  0  0  0  0  0  0  0  0  0
   -2.6032   -3.2516   -0.6497 C    0  0  0  0  0  0  0  0  0  0  0  0
   -1.1318    0.3575   -0.4287 C    0  0  0  0  0  0  0  0  0  0  0  0
   -1.3156    1.7109    0.2356 C    0  0  0  0  0  0  0  0  0  0  0  0
   -1.7459    2.7928   -0.5368 C    0  0  0  0  0  0  0  0  0  0  0  0
   -1.9048    4.0516    0.0321 C    0  0  0  0  0  0  0  0  0  0  0  0
   -1.6413    4.2444    1.3871 C    0  0  0  0  0  0  0  0  0  0  0  0
   -1.2208    3.1698    2.1641 C    0  0  0  0  0  0  0  0  0  0  0  0
   -1.0587    1.9099    1.5909 C    0  0  0  0  0  0  0  0  0  0  0  0
    3.3308    1.3405    1.0673 H    0  0  0  0  0  0  0  0  0  0  0  0
    2.5450    3.6728    1.2243 H    0  0  0  0  0  0  0  0  0  0  0  0
    1.7261    4.8440   -0.7928 H    0  0  0  0  0  0  0  0  0  0  0  0
    1.7063    3.6821   -2.9787 H    0  0  0  0  0  0  0  0  0  0  0  0
    2.5155    1.3410   -3.1374 H    0  0  0  0  0  0  0  0  0  0  0  0
    5.6226   -1.4885   -0.5023 H    0  0  0  0  0  0  0  0  0  0  0  0
    5.9969   -3.0634    1.3728 H    0  0  0  0  0  0  0  0  0  0  0  0
    4.1139   -3.5803    2.9120 H    0  0  0  0  0  0  0  0  0  0  0  0
    1.9030   -2.5693    2.5411 H    0  0  0  0  0  0  0  0  0  0  0  0
    1.2192    0.0435    0.1607 H    0  0  0  0  0  0  0  0  0  0  0  0
   -2.2566   -1.9103    1.7907 H    0  0  0  0  0  0  0  0  0  0  0  0
   -3.0258   -0.4279    1.2301 H    0  0  0  0  0  0  0  0  0  0  0  0
   -4.7788   -0.6777   -0.3056 H    0  0  0  0  0  0  0  0  0  0  0  0
   -5.9537   -1.9496   -2.0688 H    0  0  0  0  0  0  0  0  0  0  0  0
   -4.9840   -4.0603   -2.9285 H    0  0  0  0  0  0  0  0  0  0  0  0
   -2.8379   -4.8908   -2.0106 H    0  0  0  0  0  0  0  0  0  0  0  0
   -1.6713   -3.6157   -0.2399 H    0  0  0  0  0  0  0  0  0  0  0  0
   -1.9532    0.1897   -1.1270 H    0  0  0  0  0  0  0  0  0  0  0  0
   -0.2343    0.3549   -1.0475 H    0  0  0  0  0  0  0  0  0  0  0  0
   -1.9601    2.6469   -1.5878 H    0  0  0  0  0  0  0  0  0  0  0  0
   -2.2404    4.8787   -0.5775 H    0  0  0  0  0  0  0  0  0  0  0  0
   -1.7699    5.2206    1.8323 H    0  0  0  0  0  0  0  0  0  0  0  0
   -1.0216    3.3082    3.2175 H    0  0  0  0  0  0  0  0  0  0  0  0
   -0.7405    1.0775    2.2021 H    0  0  0  0  0  0  0  0  0  0  0  0
  1  2  2  0
  2  3  1  0
  3  4  2  0
  4  5  1  0
  5  6  2  0
  6  7  1  0
  7  8  2  0
  2  9  1  0
  9 10  2  0
 10 11  1  0
 11 12  2  0
 12 13  1  0
 13 14  2  0
 14 15  1  0
 15 16  1  0
 16 17  2  0
 16 18  1  0
 18 19  1  0
 19 20  1  0
 20 21  2  0
 21 22  1  0
 22 23  2  0
 23 24  1  0
 24 25  2  0
 18 26  1  0
 26 27  1  0
 27 28  2  0
 28 29  1  0
 29 30  2  0
 30 31  1  0
 31 32  2  0
  8  3  1  0
 14  9  1  0
 25 20  1  0
 32 27  1  0
  4 33  1  0
  5 34  1  0
  6 35  1  0
  7 36  1  0
  8 37  1  0
 10 38  1  0
 11 39  1  0
 12 40  1  0
 13 41  1  0
 15 42  1  0
 19 43  1  0
 19 44  1  0
 21 45  1  0
 22 46  1  0
 23 47  1  0
 24 48  1  0
 25 49  1  0
 26 50  1  0
 26 51  1  0
 28 52  1  0
 29 53  1  0
 30 54  1  0
 31 55  1  0
 32 56  1  0
M  END
