
     RDKit          2D

 56 59  0  0  0  0  0  0  0  0999 V2000
    2.1111    2.1974    0.7577 O    0  0  0  0  0  0  0  0  0  0  0  0
    2.8040    1.3209    0.1974 C    0  0  0  0  0  0  0  0  0  0  0  0
    3.2945    1.5145   -1.1825 C    0  0  0  0  0  0  0  0  0  0  0  0
    3.1627    2.7764   -1.7762 C    0  0  0  0  0  0  0  0  0  0  0  0
    3.5974    2.9861   -3.0762 C    0  0  0  0  0  0  0  0  0  0  0  0
    4.1606    1.9349   -3.8003 C    0  0  0  0  0  0  0  0  0  0  0  0
    4.2876    0.6758   -3.2206 C    0  0  0  0  0  0  0  0  0  0  0  0
    3.8594    0.4643   -1.9145 C    0  0  0  0  0  0  0  0  0  0  0  0
    3.1884    0.0948    0.9551 C    0  0  0  0  0  0  0  0  0  0  0  0
    4.5284   -0.1245    1.2780 C    0  0  0  0  0  0  0  0  0  0  0  0
    4.8993   -1.2172    2.0508 C    0  0  0  0  0  0  0  0  0  0  0  0
    3.9202   -2.0943    2.5081 C    0  0  0  0  0  0  0  0  0  0  0  0
    2.5771   -1.8624    2.2377 C    0  0  0  0  0  0  0  0  0  0  0  0
    2.1968   -0.7491    1.4869 C    0  0  0  0  0  0  0  0  0  0  0  0
    0.8414   -0.4038    1.2717 N    0  0  0  0  0  0  0  0  0  0  0  0
   -0.2057   -1.2883    1.1391 C    0  0  0  0  0  0  0  0  0  0  0  0
   -0.0514   -2.5342    1.2324 O    0  0  0  0  0  0  0  0  0  0  0  0
   -1.4324   -0.7274    0.8932 N    0  0  0  0  0  0  0  0  0  0  0  0
   -2.6085   -1.6071    0.8096 C    0  0  0  0  0  0  0  0  0  0  0  0
   -3.0482   -1.8812   -0.6119 C    0  0  0  0  0  0  0  0  0  0  0  0
   -4.2956   -1.4562   -1.0686 C    0  0  0  0  0  0  0  0  0  0  0  0
   -4.6977   -1.7103   -2.3793 C    0  0  0  0  0  0  0  0  0  0  0  0
   -3.8511   -2.3924   -3.2463 C    0  0  0  0  0  0  0  0  0  0  0  0
   -2.6025   -2.8226   -2.7973 C    0  0  0  0  0  0  0  0  0  0  0  0
   -2.2043   -2.5695   -1.4900 C    0  0  0  0  0  0  0  0  0  0  0  0
   -1.6284    0.6954    0.6203 C    0  0  0  0  0  0  0  0  0  0  0  0
   -1.6775    1.5846    1.8517 C    0  0  0  0  0  0  0  0  0  0  0  0
   -1.4989    2.9624    1.7050 C    0  0  0  0  0  0  0  0  0  0  0  0
   -1.5792    3.8080    2.8061 C    0  0  0  0  0  0  0  0  0  0  0  0
   -1.8343    3.2847    4.0717 C    0  0  0  0  0  0  0  0  0  0  0  0
   -2.0041    1.9123    4.2265 C    0  0  0  0  0  0  0  0  0  0  0  0
   -1.9255    1.0668    3.1222 C    0  0  0  0  0  0  0  0  0  0  0  0
    2.7208    3.5769   -1.2022 H    0  0  0  0  0  0  0  0  0  0  0  0
    3.4998    3.9627   -3.5273 H    0  0  0  0  0  0  0  0  0  0  0  0
    4.4975    2.0982   -4.8140 H    0  0  0  0  0  0  0  0  0  0  0  0
    4.7171   -0.1395   -3.7840 H    0  0  0  0  0  0  0  0  0  0  0  0
    3.9522   -0.5145   -1.4690 H    0  0  0  0  0  0  0  0  0  0  0  0
    5.2809    0.5558    0.9045 H    0  0  0  0  0  0  0  0  0  0  0  0
    5.9392   -1.3826    2.2908 H    0  0  0  0  0  0  0  0  0  0  0  0
    4.1981   -2.9553    3.0989 H    0  0  0  0  0  0  0  0  0  0  0  0
    1.8176   -2.5308    2.6026 H    0  0  0  0  0  0  0  0  0  0  0  0
    0.6529    0.5861    1.2768 H    0  0  0  0  0  0  0  0  0  0  0  0
   -2.3470   -2.5351    1.3095 H    0  0  0  0  0  0  0  0  0  0  0  0
   -3.4217   -1.1405    1.3653 H    0  0  0  0  0  0  0  0  0  0  0  0
   -4.9574   -0.9264   -0.3956 H    0  0  0  0  0  0  0  0  0  0  0  0
   -5.6673   -1.3746   -2.7194 H    0  0  0  0  0  0  0  0  0  0  0  0
   -4.1598   -2.5906   -4.2630 H    0  0  0  0  0  0  0  0  0  0  0  0
   -1.9433   -3.3588   -3.4655 H    0  0  0  0  0  0  0  0  0  0  0  0
   -1.2419   -2.9120   -1.1354 H    0  0  0  0  0  0  0  0  0  0  0  0
   -2.5670    0.7827    0.0731 H    0  0  0  0  0  0  0  0  0  0  0  0
   -0.8601    1.0541   -0.0674 H    0  0  0  0  0  0  0  0  0  0  0  0
   -1.2865    3.3726    0.7263 H    0  0  0  0  0  0  0  0  0  0  0  0
   -1.4337    4.8714    2.6784 H    0  0  0  0  0  0  0  0  0  0  0  0
   -1.8920    3.9399    4.9291 H    0  0  0  0  0  0  0  0  0  0  0  0
   -2.1938    1.4972    5.2063 H    0  0  0  0  0  0  0  0  0  0  0  0
   -2.0459    0.0005    3.2499 H    0  0  0  0  0  0  0  0  0  0  0  0
  1  2  2  0
  2  3  1  0
  3  4  2  0
  4  5  1  0
  5  6  2  0
  6  7  1  0
  7  8  2  0
  2  9  1  0
  9 10  2  0
 10 11  1  0
 11 12  2  0
 12 13  1  0
 13 14  2  0
 14 15  1  0
 15 16  1  0
 16 17  2  0
 16 18  1  0
 18 19  1  0
 19 20  1  0
 20 21  2  0
 21 22  1  0
 22 23  2  0
 23 24  1  0
 24 25  2  0
 18 26  1  0
 26 27  1  0
 27 28  2  0
 28 29  1  0
 29 30  2  0
 30 31  1  0
 31 32  2  0
  8  3  1  0
 14  9  1  0
 25 20  1  0
 32 27  1  0
  4 33  1  0
  5 34  1  0
  6 35  1  0
  7 36  1  0
  8 37  1  0
 10 38  1  0
 11 39  1  0
 12 40  1  0
 13 41  1  0
 15 42  1  0
 19 43  1  0
 19 44  1  0
 21 45  1  0
 22 46  1  0
 23 47  1  0
 24 48  1  0
 25 49  1  0
 26 50  1  0
 26 51  1  0
 28 52  1  0
 29 53  1  0
 30 54  1  0
 31 55  1  0
 32 56  1  0
M  END
