
     RDKit          2D

 56 59  0  0  0  0  0  0  0  0999 V2000
    1.7824    1.7397   -0.9408 O    0  0  0  0  0  0  0  0  0  0  0  0
    2.8820    1.6520   -0.3327 C    0  0  0  0  0  0  0  0  0  0  0  0
    3.7852    2.8319   -0.3674 C    0  0  0  0  0  0  0  0  0  0  0  0
    4.5143    3.2479    0.7515 C    0  0  0  0  0  0  0  0  0  0  0  0
    5.2810    4.4069    0.6935 C    0  0  0  0  0  0  0  0  0  0  0  0
    5.3367    5.1503   -0.4820 C    0  0  0  0  0  0  0  0  0  0  0  0
    4.6074    4.7441   -1.5979 C    0  0  0  0  0  0  0  0  0  0  0  0
    3.8253    3.5987   -1.5365 C    0  0  0  0  0  0  0  0  0  0  0  0
    3.2587    0.4215    0.3854 C    0  0  0  0  0  0  0  0  0  0  0  0
    4.6170    0.1548    0.6273 C    0  0  0  0  0  0  0  0  0  0  0  0
    5.0288   -0.9876    1.2881 C    0  0  0  0  0  0  0  0  0  0  0  0
    4.0668   -1.8909    1.7356 C    0  0  0  0  0  0  0  0  0  0  0  0
    2.7188   -1.6746    1.4998 C    0  0  0  0  0  0  0  0  0  0  0  0
    2.2893   -0.5351    0.8042 C    0  0  0  0  0  0  0  0  0  0  0  0
    0.9442   -0.3094    0.4925 N    0  0  0  0  0  0  0  0  0  0  0  0
   -0.1554   -1.0344    0.9057 C    0  0  0  0  0  0  0  0  0  0  0  0
   -0.0862   -1.9810    1.7325 O    0  0  0  0  0  0  0  0  0  0  0  0
   -1.3526   -0.6559    0.3546 N    0  0  0  0  0  0  0  0  0  0  0  0
   -2.5834   -1.3144    0.8190 C    0  0  0  0  0  0  0  0  0  0  0  0
   -3.1231   -2.3276   -0.1663 C    0  0  0  0  0  0  0  0  0  0  0  0
   -4.3826   -2.1616   -0.7418 C    0  0  0  0  0  0  0  0  0  0  0  0
   -4.8810   -3.0991   -1.6455 C    0  0  0  0  0  0  0  0  0  0  0  0
   -4.1195   -4.2124   -1.9832 C    0  0  0  0  0  0  0  0  0  0  0  0
   -2.8591   -4.3867   -1.4117 C    0  0  0  0  0  0  0  0  0  0  0  0
   -2.3650   -3.4518   -0.5097 C    0  0  0  0  0  0  0  0  0  0  0  0
   -1.5001    0.3508   -0.6936 C    0  0  0  0  0  0  0  0  0  0  0  0
   -1.6891    1.7736   -0.1948 C    0  0  0  0  0  0  0  0  0  0  0  0
   -1.8053    2.8053   -1.1306 C    0  0  0  0  0  0  0  0  0  0  0  0
   -1.9945    4.1183   -0.7175 C    0  0  0  0  0  0  0  0  0  0  0  0
   -2.0690    4.4201    0.6416 C    0  0  0  0  0  0  0  0  0  0  0  0
   -1.9509    3.3994    1.5780 C    0  0  0  0  0  0  0  0  0  0  0  0
   -1.7612    2.0823    1.1615 C    0  0  0  0  0  0  0  0  0  0  0  0
    4.4634    2.6846    1.6711 H    0  0  0  0  0  0  0  0  0  0  0  0
    5.8302    4.7299    1.5659 H    0  0  0  0  0  0  0  0  0  0  0  0
    5.9398    6.0458   -0.5269 H    0  0  0  0  0  0  0  0  0  0  0  0
    4.6442    5.3225   -2.5095 H    0  0  0  0  0  0  0  0  0  0  0  0
    3.2385    3.2867   -2.3875 H    0  0  0  0  0  0  0  0  0  0  0  0
    5.3562    0.8520    0.2666 H    0  0  0  0  0  0  0  0  0  0  0  0
    6.0795   -1.1738    1.4516 H    0  0  0  0  0  0  0  0  0  0  0  0
    4.3681   -2.7841    2.2644 H    0  0  0  0  0  0  0  0  0  0  0  0
    1.9803   -2.3746    1.8438 H    0  0  0  0  0  0  0  0  0  0  0  0
    0.8113    0.4837   -0.1261 H    0  0  0  0  0  0  0  0  0  0  0  0
   -2.3511   -1.7937    1.7653 H    0  0  0  0  0  0  0  0  0  0  0  0
   -3.3317   -0.5437    1.0046 H    0  0  0  0  0  0  0  0  0  0  0  0
   -4.9774   -1.2959   -0.4809 H    0  0  0  0  0  0  0  0  0  0  0  0
   -5.8588   -2.9567   -2.0839 H    0  0  0  0  0  0  0  0  0  0  0  0
   -4.5027   -4.9406   -2.6840 H    0  0  0  0  0  0  0  0  0  0  0  0
   -2.2652   -5.2533   -1.6669 H    0  0  0  0  0  0  0  0  0  0  0  0
   -1.3931   -3.5918   -0.0572 H    0  0  0  0  0  0  0  0  0  0  0  0
   -2.3662    0.0604   -1.2894 H    0  0  0  0  0  0  0  0  0  0  0  0
   -0.6548    0.3047   -1.3806 H    0  0  0  0  0  0  0  0  0  0  0  0
   -1.7398    2.5779   -2.1868 H    0  0  0  0  0  0  0  0  0  0  0  0
   -2.0789    4.9063   -1.4526 H    0  0  0  0  0  0  0  0  0  0  0  0
   -2.2141    5.4413    0.9645 H    0  0  0  0  0  0  0  0  0  0  0  0
   -2.0034    3.6238    2.6341 H    0  0  0  0  0  0  0  0  0  0  0  0
   -1.6653    1.2949    1.8952 H    0  0  0  0  0  0  0  0  0  0  0  0
  1  2  2  0
  2  3  1  0
  3  4  2  0
  4  5  1  0
  5  6  2  0
  6  7  1  0
  7  8  2  0
  2  9  1  0
  9 10  2  0
 10 11  1  0
 11 12  2  0
 12 13  1  0
 13 14  2  0
 14 15  1  0
 15 16  1  0
 16 17  2  0
 16 18  1  0
 18 19  1  0
 19 20  1  0
 20 21  2  0
 21 22  1  0
 22 23  2  0
 23 24  1  0
 24 25  2  0
 18 26  1  0
 26 27  1  0
 27 28  2  0
 28 29  1  0
 29 30  2  0
 30 31  1  0
 31 32  2  0
  8  3  1  0
 14  9  1  0
 25 20  1  0
 32 27  1  0
  4 33  1  0
  5 34  1  0
  6 35  1  0
  7 36  1  0
  8 37  1  0
 10 38  1  0
 11 39  1  0
 12 40  1  0
 13 41  1  0
 15 42  1  0
 19 43  1  0
 19 44  1  0
 21 45  1  0
 22 46  1  0
 23 47  1  0
 24 48  1  0
 25 49  1  0
 26 50  1  0
 26 51  1  0
 28 52  1  0
 29 53  1  0
 30 54  1  0
 31 55  1  0
 32 56  1  0
M  END
