
     RDKit          2D

 56 59  0  0  0  0  0  0  0  0999 V2000
    4.1411   -0.6148   -2.2824 O    0  0  0  0  0  0  0  0  0  0  0  0
    3.5609   -0.2473   -1.2419 C    0  0  0  0  0  0  0  0  0  0  0  0
    2.9301    1.0976   -1.2036 C    0  0  0  0  0  0  0  0  0  0  0  0
    2.8968    1.8543   -0.0259 C    0  0  0  0  0  0  0  0  0  0  0  0
    2.3892    3.1494   -0.0430 C    0  0  0  0  0  0  0  0  0  0  0  0
    1.9039    3.6921   -1.2291 C    0  0  0  0  0  0  0  0  0  0  0  0
    1.9364    2.9440   -2.4054 C    0  0  0  0  0  0  0  0  0  0  0  0
    2.4564    1.6570   -2.3955 C    0  0  0  0  0  0  0  0  0  0  0  0
    3.6216   -1.1116   -0.0305 C    0  0  0  0  0  0  0  0  0  0  0  0
    4.8376   -1.7726    0.1822 C    0  0  0  0  0  0  0  0  0  0  0  0
    5.0186   -2.6323    1.2524 C    0  0  0  0  0  0  0  0  0  0  0  0
    3.9569   -2.8570    2.1235 C    0  0  0  0  0  0  0  0  0  0  0  0
    2.7303   -2.2423    1.9161 C    0  0  0  0  0  0  0  0  0  0  0  0
    2.5358   -1.3794    0.8326 C    0  0  0  0  0  0  0  0  0  0  0  0
    1.2630   -0.8035    0.5899 N    0  0  0  0  0  0  0  0  0  0  0  0
    0.0466   -1.4023    0.8638 C    0  0  0  0  0  0  0  0  0  0  0  0
   -0.0377   -2.5088    1.4546 O    0  0  0  0  0  0  0  0  0  0  0  0
   -1.0774   -0.7227    0.4680 N    0  0  0  0  0  0  0  0  0  0  0  0
   -2.3913   -1.2560    0.8654 C    0  0  0  0  0  0  0  0  0  0  0  0
   -3.1059   -1.9751   -0.2572 C    0  0  0  0  0  0  0  0  0  0  0  0
   -4.3215   -1.5000   -0.7491 C    0  0  0  0  0  0  0  0  0  0  0  0
   -4.9819   -2.1682   -1.7793 C    0  0  0  0  0  0  0  0  0  0  0  0
   -4.4280   -3.3194   -2.3285 C    0  0  0  0  0  0  0  0  0  0  0  0
   -3.2129   -3.8017   -1.8424 C    0  0  0  0  0  0  0  0  0  0  0  0
   -2.5570   -3.1351   -0.8140 C    0  0  0  0  0  0  0  0  0  0  0  0
   -1.1079    0.4637   -0.3838 C    0  0  0  0  0  0  0  0  0  0  0  0
   -1.3306    1.7683    0.3601 C    0  0  0  0  0  0  0  0  0  0  0  0
   -1.8539    2.8641   -0.3304 C    0  0  0  0  0  0  0  0  0  0  0  0
   -2.0400    4.0840    0.3114 C    0  0  0  0  0  0  0  0  0  0  0  0
   -1.7125    4.2214    1.6587 C    0  0  0  0  0  0  0  0  0  0  0  0
   -1.2012    3.1309    2.3558 C    0  0  0  0  0  0  0  0  0  0  0  0
   -1.0112    1.9113    1.7095 C    0  0  0  0  0  0  0  0  0  0  0  0
    3.2890    1.4420    0.8934 H    0  0  0  0  0  0  0  0  0  0  0  0
    2.3729    3.7319    0.8662 H    0  0  0  0  0  0  0  0  0  0  0  0
    1.5024    4.6949   -1.2377 H    0  0  0  0  0  0  0  0  0  0  0  0
    1.5633    3.3672   -3.3266 H    0  0  0  0  0  0  0  0  0  0  0  0
    2.5097    1.0739   -3.3027 H    0  0  0  0  0  0  0  0  0  0  0  0
    5.6417   -1.5874   -0.5140 H    0  0  0  0  0  0  0  0  0  0  0  0
    5.9694   -3.1212    1.4035 H    0  0  0  0  0  0  0  0  0  0  0  0
    4.0775   -3.5189    2.9691 H    0  0  0  0  0  0  0  0  0  0  0  0
    1.9009   -2.4534    2.5656 H    0  0  0  0  0  0  0  0  0  0  0  0
    1.2580    0.0952    0.1416 H    0  0  0  0  0  0  0  0  0  0  0  0
   -2.2250   -1.9297    1.7000 H    0  0  0  0  0  0  0  0  0  0  0  0
   -2.9976   -0.4217    1.2183 H    0  0  0  0  0  0  0  0  0  0  0  0
   -4.7547   -0.6044   -0.3230 H    0  0  0  0  0  0  0  0  0  0  0  0
   -5.9236   -1.7884   -2.1503 H    0  0  0  0  0  0  0  0  0  0  0  0
   -4.9375   -3.8397   -3.1273 H    0  0  0  0  0  0  0  0  0  0  0  0
   -2.7808   -4.6992   -2.2622 H    0  0  0  0  0  0  0  0  0  0  0  0
   -1.6210   -3.5133   -0.4268 H    0  0  0  0  0  0  0  0  0  0  0  0
   -1.9132    0.3240   -1.1066 H    0  0  0  0  0  0  0  0  0  0  0  0
   -0.2005    0.5188   -0.9848 H    0  0  0  0  0  0  0  0  0  0  0  0
   -2.1184    2.7601   -1.3749 H    0  0  0  0  0  0  0  0  0  0  0  0
   -2.4473    4.9227   -0.2355 H    0  0  0  0  0  0  0  0  0  0  0  0
   -1.8617    5.1666    2.1608 H    0  0  0  0  0  0  0  0  0  0  0  0
   -0.9526    3.2262    3.4034 H    0  0  0  0  0  0  0  0  0  0  0  0
   -0.6222    1.0661    2.2592 H    0  0  0  0  0  0  0  0  0  0  0  0
  1  2  2  0
  2  3  1  0
  3  4  2  0
  4  5  1  0
  5  6  2  0
  6  7  1  0
  7  8  2  0
  2  9  1  0
  9 10  2  0
 10 11  1  0
 11 12  2  0
 12 13  1  0
 13 14  2  0
 14 15  1  0
 15 16  1  0
 16 17  2  0
 16 18  1  0
 18 19  1  0
 19 20  1  0
 20 21  2  0
 21 22  1  0
 22 23  2  0
 23 24  1  0
 24 25  2  0
 18 26  1  0
 26 27  1  0
 27 28  2  0
 28 29  1  0
 29 30  2  0
 30 31  1  0
 31 32  2  0
  8  3  1  0
 14  9  1  0
 25 20  1  0
 32 27  1  0
  4 33  1  0
  5 34  1  0
  6 35  1  0
  7 36  1  0
  8 37  1  0
 10 38  1  0
 11 39  1  0
 12 40  1  0
 13 41  1  0
 15 42  1  0
 19 43  1  0
 19 44  1  0
 21 45  1  0
 22 46  1  0
 23 47  1  0
 24 48  1  0
 25 49  1  0
 26 50  1  0
 26 51  1  0
 28 52  1  0
 29 53  1  0
 30 54  1  0
 31 55  1  0
 32 56  1  0
M  END
