
     RDKit          2D

 56 59  0  0  0  0  0  0  0  0999 V2000
    1.6704    1.8619   -0.6282 O    0  0  0  0  0  0  0  0  0  0  0  0
    2.8431    1.6657   -0.2084 C    0  0  0  0  0  0  0  0  0  0  0  0
    3.8615    2.6942   -0.5695 C    0  0  0  0  0  0  0  0  0  0  0  0
    4.6287    3.3543    0.3948 C    0  0  0  0  0  0  0  0  0  0  0  0
    5.4948    4.3757    0.0183 C    0  0  0  0  0  0  0  0  0  0  0  0
    5.6117    4.7361   -1.3212 C    0  0  0  0  0  0  0  0  0  0  0  0
    4.8435    4.0866   -2.2844 C    0  0  0  0  0  0  0  0  0  0  0  0
    3.9613    3.0810   -1.9086 C    0  0  0  0  0  0  0  0  0  0  0  0
    3.1831    0.4948    0.6128 C    0  0  0  0  0  0  0  0  0  0  0  0
    4.5196    0.2877    1.0033 C    0  0  0  0  0  0  0  0  0  0  0  0
    4.8939   -0.7771    1.7986 C    0  0  0  0  0  0  0  0  0  0  0  0
    3.9166   -1.6724    2.2313 C    0  0  0  0  0  0  0  0  0  0  0  0
    2.5905   -1.5109    1.8691 C    0  0  0  0  0  0  0  0  0  0  0  0
    2.1947   -0.4353    1.0589 C    0  0  0  0  0  0  0  0  0  0  0  0
    0.8663   -0.2415    0.6743 N    0  0  0  0  0  0  0  0  0  0  0  0
   -0.2266   -1.0418    0.9443 C    0  0  0  0  0  0  0  0  0  0  0  0
   -0.1681   -2.0770    1.6581 O    0  0  0  0  0  0  0  0  0  0  0  0
   -1.4070   -0.6353    0.3778 N    0  0  0  0  0  0  0  0  0  0  0  0
   -2.6332   -1.3872    0.6879 C    0  0  0  0  0  0  0  0  0  0  0  0
   -3.0677   -2.3046   -0.4339 C    0  0  0  0  0  0  0  0  0  0  0  0
   -4.2940   -2.1201   -1.0722 C    0  0  0  0  0  0  0  0  0  0  0  0
   -4.6952   -2.9705   -2.1017 C    0  0  0  0  0  0  0  0  0  0  0  0
   -3.8690   -4.0144   -2.5032 C    0  0  0  0  0  0  0  0  0  0  0  0
   -2.6414   -4.2069   -1.8695 C    0  0  0  0  0  0  0  0  0  0  0  0
   -2.2442   -3.3590   -0.8423 C    0  0  0  0  0  0  0  0  0  0  0  0
   -1.5419    0.4938   -0.5394 C    0  0  0  0  0  0  0  0  0  0  0  0
   -1.8090    1.8322    0.1289 C    0  0  0  0  0  0  0  0  0  0  0  0
   -1.9324    2.9719   -0.6710 C    0  0  0  0  0  0  0  0  0  0  0  0
   -2.1899    4.2128   -0.1015 C    0  0  0  0  0  0  0  0  0  0  0  0
   -2.3280    4.3329    1.2807 C    0  0  0  0  0  0  0  0  0  0  0  0
   -2.2037    3.2042    2.0826 C    0  0  0  0  0  0  0  0  0  0  0  0
   -1.9448    1.9598    1.5092 C    0  0  0  0  0  0  0  0  0  0  0  0
    4.5327    3.0906    1.4378 H    0  0  0  0  0  0  0  0  0  0  0  0
    6.0741    4.8905    0.7711 H    0  0  0  0  0  0  0  0  0  0  0  0
    6.2915    5.5242   -1.6119 H    0  0  0  0  0  0  0  0  0  0  0  0
    4.9250    4.3685   -3.3241 H    0  0  0  0  0  0  0  0  0  0  0  0
    3.3452    2.5909   -2.6481 H    0  0  0  0  0  0  0  0  0  0  0  0
    5.2772    0.9642    0.6444 H    0  0  0  0  0  0  0  0  0  0  0  0
    5.9286   -0.9137    2.0742 H    0  0  0  0  0  0  0  0  0  0  0  0
    4.1897   -2.5112    2.8558 H    0  0  0  0  0  0  0  0  0  0  0  0
    1.8393   -2.2025    2.2021 H    0  0  0  0  0  0  0  0  0  0  0  0
    0.7414    0.6010    0.1190 H    0  0  0  0  0  0  0  0  0  0  0  0
   -2.4378   -1.9594    1.5898 H    0  0  0  0  0  0  0  0  0  0  0  0
   -3.4235   -0.6693    0.9070 H    0  0  0  0  0  0  0  0  0  0  0  0
   -4.9394   -1.3089   -0.7615 H    0  0  0  0  0  0  0  0  0  0  0  0
   -5.6483   -2.8149   -2.5874 H    0  0  0  0  0  0  0  0  0  0  0  0
   -4.1769   -4.6751   -3.3013 H    0  0  0  0  0  0  0  0  0  0  0  0
   -1.9978   -5.0203   -2.1741 H    0  0  0  0  0  0  0  0  0  0  0  0
   -1.2984   -3.5144   -0.3418 H    0  0  0  0  0  0  0  0  0  0  0  0
   -2.3658    0.2565   -1.2132 H    0  0  0  0  0  0  0  0  0  0  0  0
   -0.6631    0.5665   -1.1802 H    0  0  0  0  0  0  0  0  0  0  0  0
   -1.8180    2.8858   -1.7440 H    0  0  0  0  0  0  0  0  0  0  0  0
   -2.2788    5.0858   -0.7326 H    0  0  0  0  0  0  0  0  0  0  0  0
   -2.5269    5.2977    1.7252 H    0  0  0  0  0  0  0  0  0  0  0  0
   -2.3055    3.2876    3.1556 H    0  0  0  0  0  0  0  0  0  0  0  0
   -1.8454    1.0878    2.1396 H    0  0  0  0  0  0  0  0  0  0  0  0
  1  2  2  0
  2  3  1  0
  3  4  2  0
  4  5  1  0
  5  6  2  0
  6  7  1  0
  7  8  2  0
  2  9  1  0
  9 10  2  0
 10 11  1  0
 11 12  2  0
 12 13  1  0
 13 14  2  0
 14 15  1  0
 15 16  1  0
 16 17  2  0
 16 18  1  0
 18 19  1  0
 19 20  1  0
 20 21  2  0
 21 22  1  0
 22 23  2  0
 23 24  1  0
 24 25  2  0
 18 26  1  0
 26 27  1  0
 27 28  2  0
 28 29  1  0
 29 30  2  0
 30 31  1  0
 31 32  2  0
  8  3  1  0
 14  9  1  0
 25 20  1  0
 32 27  1  0
  4 33  1  0
  5 34  1  0
  6 35  1  0
  7 36  1  0
  8 37  1  0
 10 38  1  0
 11 39  1  0
 12 40  1  0
 13 41  1  0
 15 42  1  0
 19 43  1  0
 19 44  1  0
 21 45  1  0
 22 46  1  0
 23 47  1  0
 24 48  1  0
 25 49  1  0
 26 50  1  0
 26 51  1  0
 28 52  1  0
 29 53  1  0
 30 54  1  0
 31 55  1  0
 32 56  1  0
M  END
