
     RDKit          2D

 56 59  0  0  0  0  0  0  0  0999 V2000
    4.6921   -0.5498   -1.9483 O    0  0  0  0  0  0  0  0  0  0  0  0
    3.8147   -0.3073   -1.0943 C    0  0  0  0  0  0  0  0  0  0  0  0
    2.9722    0.9033   -1.3027 C    0  0  0  0  0  0  0  0  0  0  0  0
    2.8047    1.8455   -0.2806 C    0  0  0  0  0  0  0  0  0  0  0  0
    2.1360    3.0390   -0.5354 C    0  0  0  0  0  0  0  0  0  0  0  0
    1.6227    3.2939   -1.8041 C    0  0  0  0  0  0  0  0  0  0  0  0
    1.7904    2.3600   -2.8250 C    0  0  0  0  0  0  0  0  0  0  0  0
    2.4745    1.1756   -2.5797 C    0  0  0  0  0  0  0  0  0  0  0  0
    3.7647   -1.1218    0.1510 C    0  0  0  0  0  0  0  0  0  0  0  0
    4.9333   -1.8496    0.4288 C    0  0  0  0  0  0  0  0  0  0  0  0
    5.0311   -2.6947    1.5176 C    0  0  0  0  0  0  0  0  0  0  0  0
    3.9283   -2.8443    2.3547 C    0  0  0  0  0  0  0  0  0  0  0  0
    2.7441   -2.1801    2.0795 C    0  0  0  0  0  0  0  0  0  0  0  0
    2.6263   -1.3411    0.9646 C    0  0  0  0  0  0  0  0  0  0  0  0
    1.3682   -0.7615    0.6658 N    0  0  0  0  0  0  0  0  0  0  0  0
    0.1450   -1.3809    0.8608 C    0  0  0  0  0  0  0  0  0  0  0  0
    0.0479   -2.5223    1.3783 O    0  0  0  0  0  0  0  0  0  0  0  0
   -0.9701   -0.6851    0.4698 N    0  0  0  0  0  0  0  0  0  0  0  0
   -2.2914   -1.2600    0.7738 C    0  0  0  0  0  0  0  0  0  0  0  0
   -2.9484   -1.9069   -0.4252 C    0  0  0  0  0  0  0  0  0  0  0  0
   -4.1576   -1.4230   -0.9241 C    0  0  0  0  0  0  0  0  0  0  0  0
   -4.7650   -2.0256   -2.0250 C    0  0  0  0  0  0  0  0  0  0  0  0
   -4.1637   -3.1189   -2.6389 C    0  0  0  0  0  0  0  0  0  0  0  0
   -2.9546   -3.6096   -2.1462 C    0  0  0  0  0  0  0  0  0  0  0  0
   -2.3518   -3.0088   -1.0472 C    0  0  0  0  0  0  0  0  0  0  0  0
   -0.9875    0.5697   -0.2786 C    0  0  0  0  0  0  0  0  0  0  0  0
   -1.2594    1.8002    0.5673 C    0  0  0  0  0  0  0  0  0  0  0  0
   -1.8514    2.9185   -0.0239 C    0  0  0  0  0  0  0  0  0  0  0  0
   -2.0794    4.0751    0.7150 C    0  0  0  0  0  0  0  0  0  0  0  0
   -1.7244    4.1247    2.0611 C    0  0  0  0  0  0  0  0  0  0  0  0
   -1.1439    3.0104    2.6600 C    0  0  0  0  0  0  0  0  0  0  0  0
   -0.9129    1.8550    1.9168 C    0  0  0  0  0  0  0  0  0  0  0  0
    3.2186    1.6590    0.7013 H    0  0  0  0  0  0  0  0  0  0  0  0
    2.0169    3.7662    0.2541 H    0  0  0  0  0  0  0  0  0  0  0  0
    1.0979    4.2181   -1.9971 H    0  0  0  0  0  0  0  0  0  0  0  0
    1.3982    2.5595   -3.8116 H    0  0  0  0  0  0  0  0  0  0  0  0
    2.6359    0.4592   -3.3714 H    0  0  0  0  0  0  0  0  0  0  0  0
    5.7711   -1.7133   -0.2371 H    0  0  0  0  0  0  0  0  0  0  0  0
    5.9490   -3.2288    1.7127 H    0  0  0  0  0  0  0  0  0  0  0  0
    3.9840   -3.4873    3.2213 H    0  0  0  0  0  0  0  0  0  0  0  0
    1.8811   -2.3381    2.7001 H    0  0  0  0  0  0  0  0  0  0  0  0
    1.3789    0.1376    0.2204 H    0  0  0  0  0  0  0  0  0  0  0  0
   -2.1505   -1.9881    1.5663 H    0  0  0  0  0  0  0  0  0  0  0  0
   -2.9232   -0.4590    1.1576 H    0  0  0  0  0  0  0  0  0  0  0  0
   -4.6279   -0.5726   -0.4475 H    0  0  0  0  0  0  0  0  0  0  0  0
   -5.7025   -1.6399   -2.4005 H    0  0  0  0  0  0  0  0  0  0  0  0
   -4.6319   -3.5880   -3.4927 H    0  0  0  0  0  0  0  0  0  0  0  0
   -2.4860   -4.4628   -2.6162 H    0  0  0  0  0  0  0  0  0  0  0  0
   -1.4212   -3.3952   -0.6551 H    0  0  0  0  0  0  0  0  0  0  0  0
   -1.7623    0.4822   -1.0416 H    0  0  0  0  0  0  0  0  0  0  0  0
   -0.0602    0.6904   -0.8377 H    0  0  0  0  0  0  0  0  0  0  0  0
   -2.1370    2.8821   -1.0673 H    0  0  0  0  0  0  0  0  0  0  0  0
   -2.5402    4.9320    0.2441 H    0  0  0  0  0  0  0  0  0  0  0  0
   -1.9053    5.0201    2.6385 H    0  0  0  0  0  0  0  0  0  0  0  0
   -0.8729    3.0375    3.7060 H    0  0  0  0  0  0  0  0  0  0  0  0
   -0.4702    0.9909    2.3913 H    0  0  0  0  0  0  0  0  0  0  0  0
  1  2  2  0
  2  3  1  0
  3  4  2  0
  4  5  1  0
  5  6  2  0
  6  7  1  0
  7  8  2  0
  2  9  1  0
  9 10  2  0
 10 11  1  0
 11 12  2  0
 12 13  1  0
 13 14  2  0
 14 15  1  0
 15 16  1  0
 16 17  2  0
 16 18  1  0
 18 19  1  0
 19 20  1  0
 20 21  2  0
 21 22  1  0
 22 23  2  0
 23 24  1  0
 24 25  2  0
 18 26  1  0
 26 27  1  0
 27 28  2  0
 28 29  1  0
 29 30  2  0
 30 31  1  0
 31 32  2  0
  8  3  1  0
 14  9  1  0
 25 20  1  0
 32 27  1  0
  4 33  1  0
  5 34  1  0
  6 35  1  0
  7 36  1  0
  8 37  1  0
 10 38  1  0
 11 39  1  0
 12 40  1  0
 13 41  1  0
 15 42  1  0
 19 43  1  0
 19 44  1  0
 21 45  1  0
 22 46  1  0
 23 47  1  0
 24 48  1  0
 25 49  1  0
 26 50  1  0
 26 51  1  0
 28 52  1  0
 29 53  1  0
 30 54  1  0
 31 55  1  0
 32 56  1  0
M  END
