
     RDKit          2D

 56 59  0  0  0  0  0  0  0  0999 V2000
    4.7003    1.0070   -0.3727 O    0  0  0  0  0  0  0  0  0  0  0  0
    3.6376    0.3528   -0.3205 C    0  0  0  0  0  0  0  0  0  0  0  0
    2.5976    0.6540   -1.3456 C    0  0  0  0  0  0  0  0  0  0  0  0
    2.3685    1.9868   -1.6960 C    0  0  0  0  0  0  0  0  0  0  0  0
    1.4848    2.2994   -2.7237 C    0  0  0  0  0  0  0  0  0  0  0  0
    0.8484    1.2802   -3.4281 C    0  0  0  0  0  0  0  0  0  0  0  0
    1.0940   -0.0520   -3.1000 C    0  0  0  0  0  0  0  0  0  0  0  0
    1.9585   -0.3659   -2.0579 C    0  0  0  0  0  0  0  0  0  0  0  0
    3.5310   -0.7875    0.6328 C    0  0  0  0  0  0  0  0  0  0  0  0
    4.7431   -1.2134    1.2013 C    0  0  0  0  0  0  0  0  0  0  0  0
    4.7999   -2.2778    2.0805 C    0  0  0  0  0  0  0  0  0  0  0  0
    3.6179   -2.9233    2.4410 C    0  0  0  0  0  0  0  0  0  0  0  0
    2.3982   -2.4697    1.9661 C    0  0  0  0  0  0  0  0  0  0  0  0
    2.3324   -1.3833    1.0860 C    0  0  0  0  0  0  0  0  0  0  0  0
    1.0771   -0.8246    0.7487 N    0  0  0  0  0  0  0  0  0  0  0  0
   -0.0941   -1.5296    0.5611 C    0  0  0  0  0  0  0  0  0  0  0  0
   -0.1445   -2.7825    0.6631 O    0  0  0  0  0  0  0  0  0  0  0  0
   -1.2032   -0.7849    0.2562 N    0  0  0  0  0  0  0  0  0  0  0  0
   -2.4994   -1.4723    0.1324 C    0  0  0  0  0  0  0  0  0  0  0  0
   -2.9163   -1.7109   -1.3022 C    0  0  0  0  0  0  0  0  0  0  0  0
   -4.0416   -1.0808   -1.8331 C    0  0  0  0  0  0  0  0  0  0  0  0
   -4.4240   -1.3029   -3.1555 C    0  0  0  0  0  0  0  0  0  0  0  0
   -3.6805   -2.1596   -3.9597 C    0  0  0  0  0  0  0  0  0  0  0  0
   -2.5552   -2.7964   -3.4360 C    0  0  0  0  0  0  0  0  0  0  0  0
   -2.1759   -2.5741   -2.1172 C    0  0  0  0  0  0  0  0  0  0  0  0
   -1.1718    0.6500   -0.0233 C    0  0  0  0  0  0  0  0  0  0  0  0
   -1.1187    1.5456    1.2031 C    0  0  0  0  0  0  0  0  0  0  0  0
   -0.7857    2.8939    1.0442 C    0  0  0  0  0  0  0  0  0  0  0  0
   -0.7621    3.7512    2.1390 C    0  0  0  0  0  0  0  0  0  0  0  0
   -1.0680    3.2695    3.4102 C    0  0  0  0  0  0  0  0  0  0  0  0
   -1.3951    1.9275    3.5761 C    0  0  0  0  0  0  0  0  0  0  0  0
   -1.4200    1.0698    2.4783 C    0  0  0  0  0  0  0  0  0  0  0  0
    2.8918    2.7680   -1.1647 H    0  0  0  0  0  0  0  0  0  0  0  0
    1.3034    3.3328   -2.9817 H    0  0  0  0  0  0  0  0  0  0  0  0
    0.1687    1.5208   -4.2328 H    0  0  0  0  0  0  0  0  0  0  0  0
    0.6100   -0.8440   -3.6523 H    0  0  0  0  0  0  0  0  0  0  0  0
    2.1452   -1.3996   -1.8056 H    0  0  0  0  0  0  0  0  0  0  0  0
    5.6419   -0.7000    0.8978 H    0  0  0  0  0  0  0  0  0  0  0  0
    5.7482   -2.6027    2.4819 H    0  0  0  0  0  0  0  0  0  0  0  0
    3.6414   -3.7623    3.1217 H    0  0  0  0  0  0  0  0  0  0  0  0
    1.4820   -2.9383    2.2784 H    0  0  0  0  0  0  0  0  0  0  0  0
    1.0472    0.1755    0.6608 H    0  0  0  0  0  0  0  0  0  0  0  0
   -2.4112   -2.4165    0.6613 H    0  0  0  0  0  0  0  0  0  0  0  0
   -3.2496   -0.8677    0.6414 H    0  0  0  0  0  0  0  0  0  0  0  0
   -4.6249   -0.4164   -1.2088 H    0  0  0  0  0  0  0  0  0  0  0  0
   -5.2988   -0.8078   -3.5530 H    0  0  0  0  0  0  0  0  0  0  0  0
   -3.9751   -2.3350   -4.9846 H    0  0  0  0  0  0  0  0  0  0  0  0
   -1.9793   -3.4707   -4.0544 H    0  0  0  0  0  0  0  0  0  0  0  0
   -1.3112   -3.0749   -1.7047 H    0  0  0  0  0  0  0  0  0  0  0  0
   -2.0715    0.8749   -0.5956 H    0  0  0  0  0  0  0  0  0  0  0  0
   -0.3458    0.8841   -0.6965 H    0  0  0  0  0  0  0  0  0  0  0  0
   -0.5425    3.2717    0.0593 H    0  0  0  0  0  0  0  0  0  0  0  0
   -0.5011    4.7911    2.0019 H    0  0  0  0  0  0  0  0  0  0  0  0
   -1.0465    3.9336    4.2624 H    0  0  0  0  0  0  0  0  0  0  0  0
   -1.6287    1.5448    4.5596 H    0  0  0  0  0  0  0  0  0  0  0  0
   -1.6671    0.0267    2.6141 H    0  0  0  0  0  0  0  0  0  0  0  0
  1  2  2  0
  2  3  1  0
  3  4  2  0
  4  5  1  0
  5  6  2  0
  6  7  1  0
  7  8  2  0
  2  9  1  0
  9 10  2  0
 10 11  1  0
 11 12  2  0
 12 13  1  0
 13 14  2  0
 14 15  1  0
 15 16  1  0
 16 17  2  0
 16 18  1  0
 18 19  1  0
 19 20  1  0
 20 21  2  0
 21 22  1  0
 22 23  2  0
 23 24  1  0
 24 25  2  0
 18 26  1  0
 26 27  1  0
 27 28  2  0
 28 29  1  0
 29 30  2  0
 30 31  1  0
 31 32  2  0
  8  3  1  0
 14  9  1  0
 25 20  1  0
 32 27  1  0
  4 33  1  0
  5 34  1  0
  6 35  1  0
  7 36  1  0
  8 37  1  0
 10 38  1  0
 11 39  1  0
 12 40  1  0
 13 41  1  0
 15 42  1  0
 19 43  1  0
 19 44  1  0
 21 45  1  0
 22 46  1  0
 23 47  1  0
 24 48  1  0
 25 49  1  0
 26 50  1  0
 26 51  1  0
 28 52  1  0
 29 53  1  0
 30 54  1  0
 31 55  1  0
 32 56  1  0
M  END
