
     RDKit          2D

 56 59  0  0  0  0  0  0  0  0999 V2000
    1.5854    2.1875   -0.1586 O    0  0  0  0  0  0  0  0  0  0  0  0
    2.7824    1.8243   -0.0008 C    0  0  0  0  0  0  0  0  0  0  0  0
    3.8260    2.5797   -0.7447 C    0  0  0  0  0  0  0  0  0  0  0  0
    3.6818    3.9665   -0.8539 C    0  0  0  0  0  0  0  0  0  0  0  0
    4.5936    4.7110   -1.5906 C    0  0  0  0  0  0  0  0  0  0  0  0
    5.6428    4.0736   -2.2495 C    0  0  0  0  0  0  0  0  0  0  0  0
    5.7768    2.6904   -2.1680 C    0  0  0  0  0  0  0  0  0  0  0  0
    4.8774    1.9444   -1.4135 C    0  0  0  0  0  0  0  0  0  0  0  0
    3.1284    0.6902    0.8704 C    0  0  0  0  0  0  0  0  0  0  0  0
    4.4552    0.5328    1.3090 C    0  0  0  0  0  0  0  0  0  0  0  0
    4.8393   -0.5330    2.1001 C    0  0  0  0  0  0  0  0  0  0  0  0
    3.8857   -1.4824    2.4641 C    0  0  0  0  0  0  0  0  0  0  0  0
    2.5640   -1.3540    2.0704 C    0  0  0  0  0  0  0  0  0  0  0  0
    2.1555   -0.2657    1.2858 C    0  0  0  0  0  0  0  0  0  0  0  0
    0.8230   -0.0751    0.9067 N    0  0  0  0  0  0  0  0  0  0  0  0
   -0.2190   -0.9762    0.9906 C    0  0  0  0  0  0  0  0  0  0  0  0
   -0.1040   -2.1185    1.5072 O    0  0  0  0  0  0  0  0  0  0  0  0
   -1.4118   -0.5465    0.4693 N    0  0  0  0  0  0  0  0  0  0  0  0
   -2.5951   -1.4088    0.6117 C    0  0  0  0  0  0  0  0  0  0  0  0
   -2.9473   -2.1528   -0.6577 C    0  0  0  0  0  0  0  0  0  0  0  0
   -4.1749   -1.9479   -1.2870 C    0  0  0  0  0  0  0  0  0  0  0  0
   -4.5010   -2.6394   -2.4529 C    0  0  0  0  0  0  0  0  0  0  0  0
   -3.5970   -3.5426   -3.0013 C    0  0  0  0  0  0  0  0  0  0  0  0
   -2.3673   -3.7543   -2.3779 C    0  0  0  0  0  0  0  0  0  0  0  0
   -2.0451   -3.0652   -1.2146 C    0  0  0  0  0  0  0  0  0  0  0  0
   -1.5894    0.7035   -0.2661 C    0  0  0  0  0  0  0  0  0  0  0  0
   -1.9346    1.9096    0.5911 C    0  0  0  0  0  0  0  0  0  0  0  0
   -2.0748    3.1564   -0.0254 C    0  0  0  0  0  0  0  0  0  0  0  0
   -2.4062    4.2816    0.7194 C    0  0  0  0  0  0  0  0  0  0  0  0
   -2.6016    4.1769    2.0960 C    0  0  0  0  0  0  0  0  0  0  0  0
   -2.4598    2.9408    2.7162 C    0  0  0  0  0  0  0  0  0  0  0  0
   -2.1274    1.8127    1.9672 C    0  0  0  0  0  0  0  0  0  0  0  0
    2.8524    4.4482   -0.3578 H    0  0  0  0  0  0  0  0  0  0  0  0
    4.4836    5.7837   -1.6566 H    0  0  0  0  0  0  0  0  0  0  0  0
    6.3482    4.6516   -2.8291 H    0  0  0  0  0  0  0  0  0  0  0  0
    6.5780    2.1913   -2.6933 H    0  0  0  0  0  0  0  0  0  0  0  0
    4.9791    0.8705   -1.3670 H    0  0  0  0  0  0  0  0  0  0  0  0
    5.1849    1.2787    1.0384 H    0  0  0  0  0  0  0  0  0  0  0  0
    5.8626   -0.6243    2.4316 H    0  0  0  0  0  0  0  0  0  0  0  0
    4.1695   -2.3268    3.0761 H    0  0  0  0  0  0  0  0  0  0  0  0
    1.8281   -2.0805    2.3612 H    0  0  0  0  0  0  0  0  0  0  0  0
    0.6543    0.8507    0.5247 H    0  0  0  0  0  0  0  0  0  0  0  0
   -2.3849   -2.1097    1.4141 H    0  0  0  0  0  0  0  0  0  0  0  0
   -3.4335   -0.7839    0.9193 H    0  0  0  0  0  0  0  0  0  0  0  0
   -4.8806   -1.2459   -0.8621 H    0  0  0  0  0  0  0  0  0  0  0  0
   -5.4561   -2.4699   -2.9298 H    0  0  0  0  0  0  0  0  0  0  0  0
   -3.8464   -4.0797   -3.9055 H    0  0  0  0  0  0  0  0  0  0  0  0
   -1.6634   -4.4595   -2.7971 H    0  0  0  0  0  0  0  0  0  0  0  0
   -1.0976   -3.2373   -0.7229 H    0  0  0  0  0  0  0  0  0  0  0  0
   -2.3891    0.5339   -0.9879 H    0  0  0  0  0  0  0  0  0  0  0  0
   -0.7037    0.9154   -0.8656 H    0  0  0  0  0  0  0  0  0  0  0  0
   -1.9160    3.2449   -1.0925 H    0  0  0  0  0  0  0  0  0  0  0  0
   -2.5085    5.2396    0.2292 H    0  0  0  0  0  0  0  0  0  0  0  0
   -2.8580    5.0515    2.6767 H    0  0  0  0  0  0  0  0  0  0  0  0
   -2.6050    2.8501    3.7836 H    0  0  0  0  0  0  0  0  0  0  0  0
   -2.0142    0.8562    2.4568 H    0  0  0  0  0  0  0  0  0  0  0  0
  1  2  2  0
  2  3  1  0
  3  4  2  0
  4  5  1  0
  5  6  2  0
  6  7  1  0
  7  8  2  0
  2  9  1  0
  9 10  2  0
 10 11  1  0
 11 12  2  0
 12 13  1  0
 13 14  2  0
 14 15  1  0
 15 16  1  0
 16 17  2  0
 16 18  1  0
 18 19  1  0
 19 20  1  0
 20 21  2  0
 21 22  1  0
 22 23  2  0
 23 24  1  0
 24 25  2  0
 18 26  1  0
 26 27  1  0
 27 28  2  0
 28 29  1  0
 29 30  2  0
 30 31  1  0
 31 32  2  0
  8  3  1  0
 14  9  1  0
 25 20  1  0
 32 27  1  0
  4 33  1  0
  5 34  1  0
  6 35  1  0
  7 36  1  0
  8 37  1  0
 10 38  1  0
 11 39  1  0
 12 40  1  0
 13 41  1  0
 15 42  1  0
 19 43  1  0
 19 44  1  0
 21 45  1  0
 22 46  1  0
 23 47  1  0
 24 48  1  0
 25 49  1  0
 26 50  1  0
 26 51  1  0
 28 52  1  0
 29 53  1  0
 30 54  1  0
 31 55  1  0
 32 56  1  0
M  END
