
     RDKit          2D

 56 59  0  0  0  0  0  0  0  0999 V2000
    1.7827    2.0492    0.0465 O    0  0  0  0  0  0  0  0  0  0  0  0
    2.5907    1.2693   -0.5079 C    0  0  0  0  0  0  0  0  0  0  0  0
    3.0920    1.5608   -1.8680 C    0  0  0  0  0  0  0  0  0  0  0  0
    2.9135    2.8485   -2.3891 C    0  0  0  0  0  0  0  0  0  0  0  0
    3.3472    3.1508   -3.6713 C    0  0  0  0  0  0  0  0  0  0  0  0
    3.9531    2.1661   -4.4518 C    0  0  0  0  0  0  0  0  0  0  0  0
    4.1237    0.8806   -3.9459 C    0  0  0  0  0  0  0  0  0  0  0  0
    3.6990    0.5773   -2.6569 C    0  0  0  0  0  0  0  0  0  0  0  0
    3.0911    0.0810    0.2321 C    0  0  0  0  0  0  0  0  0  0  0  0
    4.4670   -0.0894    0.4082 C    0  0  0  0  0  0  0  0  0  0  0  0
    4.9620   -1.1429    1.1638 C    0  0  0  0  0  0  0  0  0  0  0  0
    4.0711   -2.0367    1.7508 C    0  0  0  0  0  0  0  0  0  0  0  0
    2.6990   -1.8572    1.6295 C    0  0  0  0  0  0  0  0  0  0  0  0
    2.1937   -0.7779    0.9010 C    0  0  0  0  0  0  0  0  0  0  0  0
    0.8144   -0.4836    0.8382 N    0  0  0  0  0  0  0  0  0  0  0  0
   -0.2180   -1.3905    0.9271 C    0  0  0  0  0  0  0  0  0  0  0  0
   -0.0256   -2.6198    1.1195 O    0  0  0  0  0  0  0  0  0  0  0  0
   -1.4798   -0.8715    0.7904 N    0  0  0  0  0  0  0  0  0  0  0  0
   -2.6349   -1.7645    0.9707 C    0  0  0  0  0  0  0  0  0  0  0  0
   -3.2639   -2.1996   -0.3346 C    0  0  0  0  0  0  0  0  0  0  0  0
   -4.5776   -1.8492   -0.6459 C    0  0  0  0  0  0  0  0  0  0  0  0
   -5.1561   -2.2545   -1.8480 C    0  0  0  0  0  0  0  0  0  0  0  0
   -4.4217   -3.0145   -2.7517 C    0  0  0  0  0  0  0  0  0  0  0  0
   -3.1077   -3.3705   -2.4478 C    0  0  0  0  0  0  0  0  0  0  0  0
   -2.5333   -2.9667   -1.2482 C    0  0  0  0  0  0  0  0  0  0  0  0
   -1.7500    0.5108    0.4015 C    0  0  0  0  0  0  0  0  0  0  0  0
   -1.7248    1.5174    1.5399 C    0  0  0  0  0  0  0  0  0  0  0  0
   -1.7224    2.8818    1.2379 C    0  0  0  0  0  0  0  0  0  0  0  0
   -1.7342    3.8316    2.2529 C    0  0  0  0  0  0  0  0  0  0  0  0
   -1.7439    3.4288    3.5870 C    0  0  0  0  0  0  0  0  0  0  0  0
   -1.7384    2.0725    3.8948 C    0  0  0  0  0  0  0  0  0  0  0  0
   -1.7284    1.1215    2.8761 C    0  0  0  0  0  0  0  0  0  0  0  0
    2.4363    3.5963   -1.7740 H    0  0  0  0  0  0  0  0  0  0  0  0
    3.2148    4.1481   -4.0647 H    0  0  0  0  0  0  0  0  0  0  0  0
    4.2884    2.4010   -5.4519 H    0  0  0  0  0  0  0  0  0  0  0  0
    4.5839    0.1155   -4.5537 H    0  0  0  0  0  0  0  0  0  0  0  0
    3.8239   -0.4231   -2.2712 H    0  0  0  0  0  0  0  0  0  0  0  0
    5.1484    0.6043   -0.0629 H    0  0  0  0  0  0  0  0  0  0  0  0
    6.0273   -1.2656    1.2910 H    0  0  0  0  0  0  0  0  0  0  0  0
    4.4432   -2.8700    2.3294 H    0  0  0  0  0  0  0  0  0  0  0  0
    2.0102   -2.5377    2.0971 H    0  0  0  0  0  0  0  0  0  0  0  0
    0.6059    0.5013    0.7699 H    0  0  0  0  0  0  0  0  0  0  0  0
   -2.2843   -2.6289    1.5270 H    0  0  0  0  0  0  0  0  0  0  0  0
   -3.3728   -1.2449    1.5819 H    0  0  0  0  0  0  0  0  0  0  0  0
   -5.1522   -1.2588    0.0561 H    0  0  0  0  0  0  0  0  0  0  0  0
   -6.1752   -1.9751   -2.0758 H    0  0  0  0  0  0  0  0  0  0  0  0
   -4.8673   -3.3299   -3.6845 H    0  0  0  0  0  0  0  0  0  0  0  0
   -2.5345   -3.9662   -3.1442 H    0  0  0  0  0  0  0  0  0  0  0  0
   -1.5190   -3.2511   -1.0048 H    0  0  0  0  0  0  0  0  0  0  0  0
   -2.7348    0.5189   -0.0659 H    0  0  0  0  0  0  0  0  0  0  0  0
   -1.0575    0.8193   -0.3835 H    0  0  0  0  0  0  0  0  0  0  0  0
   -1.7021    3.1998    0.2036 H    0  0  0  0  0  0  0  0  0  0  0  0
   -1.7279    4.8835    2.0045 H    0  0  0  0  0  0  0  0  0  0  0  0
   -1.7489    4.1661    4.3771 H    0  0  0  0  0  0  0  0  0  0  0  0
   -1.7383    1.7511    4.9269 H    0  0  0  0  0  0  0  0  0  0  0  0
   -1.7140    0.0692    3.1213 H    0  0  0  0  0  0  0  0  0  0  0  0
  1  2  2  0
  2  3  1  0
  3  4  2  0
  4  5  1  0
  5  6  2  0
  6  7  1  0
  7  8  2  0
  2  9  1  0
  9 10  2  0
 10 11  1  0
 11 12  2  0
 12 13  1  0
 13 14  2  0
 14 15  1  0
 15 16  1  0
 16 17  2  0
 16 18  1  0
 18 19  1  0
 19 20  1  0
 20 21  2  0
 21 22  1  0
 22 23  2  0
 23 24  1  0
 24 25  2  0
 18 26  1  0
 26 27  1  0
 27 28  2  0
 28 29  1  0
 29 30  2  0
 30 31  1  0
 31 32  2  0
  8  3  1  0
 14  9  1  0
 25 20  1  0
 32 27  1  0
  4 33  1  0
  5 34  1  0
  6 35  1  0
  7 36  1  0
  8 37  1  0
 10 38  1  0
 11 39  1  0
 12 40  1  0
 13 41  1  0
 15 42  1  0
 19 43  1  0
 19 44  1  0
 21 45  1  0
 22 46  1  0
 23 47  1  0
 24 48  1  0
 25 49  1  0
 26 50  1  0
 26 51  1  0
 28 52  1  0
 29 53  1  0
 30 54  1  0
 31 55  1  0
 32 56  1  0
M  END
