
     RDKit          2D

 56 59  0  0  0  0  0  0  0  0999 V2000
    3.4396    2.4215    0.5935 O    0  0  0  0  0  0  0  0  0  0  0  0
    3.0997    1.3090    0.1467 C    0  0  0  0  0  0  0  0  0  0  0  0
    2.4795    1.1941   -1.1949 C    0  0  0  0  0  0  0  0  0  0  0  0
    2.0899    2.3649   -1.8560 C    0  0  0  0  0  0  0  0  0  0  0  0
    1.5084    2.2986   -3.1144 C    0  0  0  0  0  0  0  0  0  0  0  0
    1.3161    1.0610   -3.7276 C    0  0  0  0  0  0  0  0  0  0  0  0
    1.7106   -0.1074   -3.0807 C    0  0  0  0  0  0  0  0  0  0  0  0
    2.2899   -0.0432   -1.8185 C    0  0  0  0  0  0  0  0  0  0  0  0
    3.3415    0.0816    0.9653 C    0  0  0  0  0  0  0  0  0  0  0  0
    4.6635   -0.2551    1.2615 C    0  0  0  0  0  0  0  0  0  0  0  0
    4.9577   -1.4091    1.9746 C    0  0  0  0  0  0  0  0  0  0  0  0
    3.9184   -2.2241    2.4144 C    0  0  0  0  0  0  0  0  0  0  0  0
    2.5958   -1.8851    2.1578 C    0  0  0  0  0  0  0  0  0  0  0  0
    2.2965   -0.7333    1.4277 C    0  0  0  0  0  0  0  0  0  0  0  0
    0.9605   -0.3262    1.1786 N    0  0  0  0  0  0  0  0  0  0  0  0
   -0.0969   -1.1728    0.9177 C    0  0  0  0  0  0  0  0  0  0  0  0
    0.0041   -2.4229    1.0131 O    0  0  0  0  0  0  0  0  0  0  0  0
   -1.2690   -0.5666    0.5477 N    0  0  0  0  0  0  0  0  0  0  0  0
   -2.4745   -1.3960    0.3935 C    0  0  0  0  0  0  0  0  0  0  0  0
   -2.7947   -1.7303   -1.0471 C    0  0  0  0  0  0  0  0  0  0  0  0
   -3.9757   -1.2810   -1.6376 C    0  0  0  0  0  0  0  0  0  0  0  0
   -4.2716   -1.5927   -2.9640 C    0  0  0  0  0  0  0  0  0  0  0  0
   -3.3844   -2.3580   -3.7127 C    0  0  0  0  0  0  0  0  0  0  0  0
   -2.2017   -2.8129   -3.1296 C    0  0  0  0  0  0  0  0  0  0  0  0
   -1.9088   -2.5021   -1.8067 C    0  0  0  0  0  0  0  0  0  0  0  0
   -1.3582    0.8426    0.1663 C    0  0  0  0  0  0  0  0  0  0  0  0
   -1.4409    1.8206    1.3264 C    0  0  0  0  0  0  0  0  0  0  0  0
   -1.1619    3.1712    1.0997 C    0  0  0  0  0  0  0  0  0  0  0  0
   -1.2634    4.0981    2.1318 C    0  0  0  0  0  0  0  0  0  0  0  0
   -1.6421    3.6844    3.4071 C    0  0  0  0  0  0  0  0  0  0  0  0
   -1.9150    2.3403    3.6415 C    0  0  0  0  0  0  0  0  0  0  0  0
   -1.8146    1.4131    2.6067 C    0  0  0  0  0  0  0  0  0  0  0  0
    2.2508    3.3142   -1.3672 H    0  0  0  0  0  0  0  0  0  0  0  0
    1.2063    3.2054   -3.6180 H    0  0  0  0  0  0  0  0  0  0  0  0
    0.8619    1.0081   -4.7067 H    0  0  0  0  0  0  0  0  0  0  0  0
    1.5659   -1.0658   -3.5571 H    0  0  0  0  0  0  0  0  0  0  0  0
    2.5971   -0.9514   -1.3215 H    0  0  0  0  0  0  0  0  0  0  0  0
    5.4577    0.3908    0.9154 H    0  0  0  0  0  0  0  0  0  0  0  0
    5.9846   -1.6687    2.1852 H    0  0  0  0  0  0  0  0  0  0  0  0
    4.1341   -3.1228    2.9740 H    0  0  0  0  0  0  0  0  0  0  0  0
    1.7903   -2.5083    2.5035 H    0  0  0  0  0  0  0  0  0  0  0  0
    0.7762    0.6622    1.2277 H    0  0  0  0  0  0  0  0  0  0  0  0
   -2.3094   -2.3060    0.9630 H    0  0  0  0  0  0  0  0  0  0  0  0
   -3.3112   -0.8620    0.8437 H    0  0  0  0  0  0  0  0  0  0  0  0
   -4.6695   -0.6872   -1.0567 H    0  0  0  0  0  0  0  0  0  0  0  0
   -5.1910   -1.2376   -3.4080 H    0  0  0  0  0  0  0  0  0  0  0  0
   -3.6112   -2.6021   -4.7409 H    0  0  0  0  0  0  0  0  0  0  0  0
   -1.5124   -3.4149   -3.7052 H    0  0  0  0  0  0  0  0  0  0  0  0
   -0.9990   -2.8624   -1.3474 H    0  0  0  0  0  0  0  0  0  0  0  0
   -2.2473    0.9430   -0.4558 H    0  0  0  0  0  0  0  0  0  0  0  0
   -0.5189    1.1030   -0.4809 H    0  0  0  0  0  0  0  0  0  0  0  0
   -0.8606    3.4963    0.1120 H    0  0  0  0  0  0  0  0  0  0  0  0
   -1.0407    5.1387    1.9434 H    0  0  0  0  0  0  0  0  0  0  0  0
   -1.7167    4.4026    4.2110 H    0  0  0  0  0  0  0  0  0  0  0  0
   -2.2028    2.0106    4.6298 H    0  0  0  0  0  0  0  0  0  0  0  0
   -2.0165    0.3684    2.7958 H    0  0  0  0  0  0  0  0  0  0  0  0
  1  2  2  0
  2  3  1  0
  3  4  2  0
  4  5  1  0
  5  6  2  0
  6  7  1  0
  7  8  2  0
  2  9  1  0
  9 10  2  0
 10 11  1  0
 11 12  2  0
 12 13  1  0
 13 14  2  0
 14 15  1  0
 15 16  1  0
 16 17  2  0
 16 18  1  0
 18 19  1  0
 19 20  1  0
 20 21  2  0
 21 22  1  0
 22 23  2  0
 23 24  1  0
 24 25  2  0
 18 26  1  0
 26 27  1  0
 27 28  2  0
 28 29  1  0
 29 30  2  0
 30 31  1  0
 31 32  2  0
  8  3  1  0
 14  9  1  0
 25 20  1  0
 32 27  1  0
  4 33  1  0
  5 34  1  0
  6 35  1  0
  7 36  1  0
  8 37  1  0
 10 38  1  0
 11 39  1  0
 12 40  1  0
 13 41  1  0
 15 42  1  0
 19 43  1  0
 19 44  1  0
 21 45  1  0
 22 46  1  0
 23 47  1  0
 24 48  1  0
 25 49  1  0
 26 50  1  0
 26 51  1  0
 28 52  1  0
 29 53  1  0
 30 54  1  0
 31 55  1  0
 32 56  1  0
M  END
