
     RDKit          2D

 56 59  0  0  0  0  0  0  0  0999 V2000
    1.7301    1.7875   -0.7741 O    0  0  0  0  0  0  0  0  0  0  0  0
    2.8724    1.6493   -0.2594 C    0  0  0  0  0  0  0  0  0  0  0  0
    3.8378    2.7671   -0.4490 C    0  0  0  0  0  0  0  0  0  0  0  0
    4.5804    3.3009    0.6089 C    0  0  0  0  0  0  0  0  0  0  0  0
    5.3984    4.4062    0.3997 C    0  0  0  0  0  0  0  0  0  0  0  0
    5.4928    4.9773   -0.8663 C    0  0  0  0  0  0  0  0  0  0  0  0
    4.7497    4.4538   -1.9221 C    0  0  0  0  0  0  0  0  0  0  0  0
    3.9151    3.3638   -1.7109 C    0  0  0  0  0  0  0  0  0  0  0  0
    3.2292    0.4440    0.5053 C    0  0  0  0  0  0  0  0  0  0  0  0
    4.5780    0.2037    0.8245 C    0  0  0  0  0  0  0  0  0  0  0  0
    4.9715   -0.9025    1.5524 C    0  0  0  0  0  0  0  0  0  0  0  0
    4.0003   -1.8011    1.9908 C    0  0  0  0  0  0  0  0  0  0  0  0
    2.6624   -1.6101    1.6893 C    0  0  0  0  0  0  0  0  0  0  0  0
    2.2496   -0.5011    0.9349 C    0  0  0  0  0  0  0  0  0  0  0  0
    0.9132   -0.2917    0.5838 N    0  0  0  0  0  0  0  0  0  0  0  0
   -0.1868   -1.0542    0.9239 C    0  0  0  0  0  0  0  0  0  0  0  0
   -0.1284   -2.0483    1.6939 O    0  0  0  0  0  0  0  0  0  0  0  0
   -1.3741   -0.6579    0.3644 N    0  0  0  0  0  0  0  0  0  0  0  0
   -2.6070   -1.3582    0.7573 C    0  0  0  0  0  0  0  0  0  0  0  0
   -3.1014   -2.3289   -0.2923 C    0  0  0  0  0  0  0  0  0  0  0  0
   -4.3464   -2.1534   -0.8960 C    0  0  0  0  0  0  0  0  0  0  0  0
   -4.8043   -3.0536   -1.8572 C    0  0  0  0  0  0  0  0  0  0  0  0
   -4.0163   -4.1387   -2.2248 C    0  0  0  0  0  0  0  0  0  0  0  0
   -2.7701   -4.3222   -1.6257 C    0  0  0  0  0  0  0  0  0  0  0  0
   -2.3164   -3.4246   -0.6664 C    0  0  0  0  0  0  0  0  0  0  0  0
   -1.5108    0.4109   -0.6220 C    0  0  0  0  0  0  0  0  0  0  0  0
   -1.7410    1.7950   -0.0386 C    0  0  0  0  0  0  0  0  0  0  0  0
   -1.8628    2.8815   -0.9095 C    0  0  0  0  0  0  0  0  0  0  0  0
   -2.0879    4.1616   -0.4183 C    0  0  0  0  0  0  0  0  0  0  0  0
   -2.1941    4.3750    0.9554 C    0  0  0  0  0  0  0  0  0  0  0  0
   -2.0709    3.2995    1.8276 C    0  0  0  0  0  0  0  0  0  0  0  0
   -1.8448    2.0157    1.3327 C    0  0  0  0  0  0  0  0  0  0  0  0
    4.5009    2.8726    1.5970 H    0  0  0  0  0  0  0  0  0  0  0  0
    5.9578    4.8219    1.2252 H    0  0  0  0  0  0  0  0  0  0  0  0
    6.1356    5.8306   -1.0279 H    0  0  0  0  0  0  0  0  0  0  0  0
    4.8148    4.8988   -2.9043 H    0  0  0  0  0  0  0  0  0  0  0  0
    3.3172    2.9672   -2.5180 H    0  0  0  0  0  0  0  0  0  0  0  0
    5.3274    0.8898    0.4653 H    0  0  0  0  0  0  0  0  0  0  0  0
    6.0153   -1.0664    1.7732 H    0  0  0  0  0  0  0  0  0  0  0  0
    4.2872   -2.6687    2.5681 H    0  0  0  0  0  0  0  0  0  0  0  0
    1.9166   -2.3053    2.0268 H    0  0  0  0  0  0  0  0  0  0  0  0
    0.7876    0.5278   -0.0034 H    0  0  0  0  0  0  0  0  0  0  0  0
   -2.3952   -1.8811    1.6851 H    0  0  0  0  0  0  0  0  0  0  0  0
   -3.3725   -0.6086    0.9585 H    0  0  0  0  0  0  0  0  0  0  0  0
   -4.9621   -1.3100   -0.6113 H    0  0  0  0  0  0  0  0  0  0  0  0
   -5.7713   -2.9045   -2.3166 H    0  0  0  0  0  0  0  0  0  0  0  0
   -4.3681   -4.8381   -2.9700 H    0  0  0  0  0  0  0  0  0  0  0  0
   -2.1560   -5.1672   -1.9040 H    0  0  0  0  0  0  0  0  0  0  0  0
   -1.3560   -3.5724   -0.1922 H    0  0  0  0  0  0  0  0  0  0  0  0
   -2.3536    0.1447   -1.2608 H    0  0  0  0  0  0  0  0  0  0  0  0
   -0.6453    0.4244   -1.2847 H    0  0  0  0  0  0  0  0  0  0  0  0
   -1.7732    2.7231   -1.9766 H    0  0  0  0  0  0  0  0  0  0  0  0
   -2.1760    4.9926   -1.1039 H    0  0  0  0  0  0  0  0  0  0  0  0
   -2.3676    5.3704    1.3390 H    0  0  0  0  0  0  0  0  0  0  0  0
   -2.1481    3.4551    2.8945 H    0  0  0  0  0  0  0  0  0  0  0  0
   -1.7456    1.1857    2.0173 H    0  0  0  0  0  0  0  0  0  0  0  0
  1  2  2  0
  2  3  1  0
  3  4  2  0
  4  5  1  0
  5  6  2  0
  6  7  1  0
  7  8  2  0
  2  9  1  0
  9 10  2  0
 10 11  1  0
 11 12  2  0
 12 13  1  0
 13 14  2  0
 14 15  1  0
 15 16  1  0
 16 17  2  0
 16 18  1  0
 18 19  1  0
 19 20  1  0
 20 21  2  0
 21 22  1  0
 22 23  2  0
 23 24  1  0
 24 25  2  0
 18 26  1  0
 26 27  1  0
 27 28  2  0
 28 29  1  0
 29 30  2  0
 30 31  1  0
 31 32  2  0
  8  3  1  0
 14  9  1  0
 25 20  1  0
 32 27  1  0
  4 33  1  0
  5 34  1  0
  6 35  1  0
  7 36  1  0
  8 37  1  0
 10 38  1  0
 11 39  1  0
 12 40  1  0
 13 41  1  0
 15 42  1  0
 19 43  1  0
 19 44  1  0
 21 45  1  0
 22 46  1  0
 23 47  1  0
 24 48  1  0
 25 49  1  0
 26 50  1  0
 26 51  1  0
 28 52  1  0
 29 53  1  0
 30 54  1  0
 31 55  1  0
 32 56  1  0
M  END
