
     RDKit          2D

 56 59  0  0  0  0  0  0  0  0999 V2000
    2.6699    2.4298    0.6316 O    0  0  0  0  0  0  0  0  0  0  0  0
    2.7599    1.3000    0.1150 C    0  0  0  0  0  0  0  0  0  0  0  0
    2.5210    1.1011   -1.3314 C    0  0  0  0  0  0  0  0  0  0  0  0
    2.1944    2.2100   -2.1221 C    0  0  0  0  0  0  0  0  0  0  0  0
    1.9631    2.0560   -3.4809 C    0  0  0  0  0  0  0  0  0  0  0  0
    2.0547    0.7919   -4.0639 C    0  0  0  0  0  0  0  0  0  0  0  0
    2.3792   -0.3151   -3.2848 C    0  0  0  0  0  0  0  0  0  0  0  0
    2.6133   -0.1632   -1.9224 C    0  0  0  0  0  0  0  0  0  0  0  0
    3.1239    0.1186    0.9627 C    0  0  0  0  0  0  0  0  0  0  0  0
    4.4638   -0.1420    1.2455 C    0  0  0  0  0  0  0  0  0  0  0  0
    4.8164   -1.2479    2.0097 C    0  0  0  0  0  0  0  0  0  0  0  0
    3.8230   -2.0896    2.5026 C    0  0  0  0  0  0  0  0  0  0  0  0
    2.4828   -1.8208    2.2526 C    0  0  0  0  0  0  0  0  0  0  0  0
    2.1264   -0.7133    1.4840 C    0  0  0  0  0  0  0  0  0  0  0  0
    0.7703   -0.3644    1.2396 N    0  0  0  0  0  0  0  0  0  0  0  0
   -0.2298   -1.2631    0.9359 C    0  0  0  0  0  0  0  0  0  0  0  0
   -0.0276   -2.5046    0.9136 O    0  0  0  0  0  0  0  0  0  0  0  0
   -1.4566   -0.7187    0.6564 N    0  0  0  0  0  0  0  0  0  0  0  0
   -2.5930   -1.6209    0.4160 C    0  0  0  0  0  0  0  0  0  0  0  0
   -2.9381   -1.7743   -1.0494 C    0  0  0  0  0  0  0  0  0  0  0  0
   -4.1856   -1.3801   -1.5329 C    0  0  0  0  0  0  0  0  0  0  0  0
   -4.5039   -1.5255   -2.8825 C    0  0  0  0  0  0  0  0  0  0  0  0
   -3.5725   -2.0660   -3.7622 C    0  0  0  0  0  0  0  0  0  0  0  0
   -2.3229   -2.4638   -3.2869 C    0  0  0  0  0  0  0  0  0  0  0  0
   -2.0082   -2.3198   -1.9407 C    0  0  0  0  0  0  0  0  0  0  0  0
   -1.6659    0.7152    0.4525 C    0  0  0  0  0  0  0  0  0  0  0  0
   -1.7354    1.5428    1.7248 C    0  0  0  0  0  0  0  0  0  0  0  0
   -1.4483    2.9089    1.6699 C    0  0  0  0  0  0  0  0  0  0  0  0
   -1.5453    3.6996    2.8108 C    0  0  0  0  0  0  0  0  0  0  0  0
   -1.9270    3.1311    4.0234 C    0  0  0  0  0  0  0  0  0  0  0  0
   -2.2064    1.7688    4.0872 C    0  0  0  0  0  0  0  0  0  0  0  0
   -2.1105    0.9790    2.9446 C    0  0  0  0  0  0  0  0  0  0  0  0
    2.1296    3.1806   -1.6537 H    0  0  0  0  0  0  0  0  0  0  0  0
    1.7129    2.9146   -4.0869 H    0  0  0  0  0  0  0  0  0  0  0  0
    1.8738    0.6719   -5.1225 H    0  0  0  0  0  0  0  0  0  0  0  0
    2.4502   -1.2938   -3.7361 H    0  0  0  0  0  0  0  0  0  0  0  0
    2.8664   -1.0233   -1.3208 H    0  0  0  0  0  0  0  0  0  0  0  0
    5.2275    0.5143    0.8523 H    0  0  0  0  0  0  0  0  0  0  0  0
    5.8568   -1.4513    2.2167 H    0  0  0  0  0  0  0  0  0  0  0  0
    4.0893   -2.9525    3.0956 H    0  0  0  0  0  0  0  0  0  0  0  0
    1.7101   -2.4648    2.6358 H    0  0  0  0  0  0  0  0  0  0  0  0
    0.5255    0.6013    1.3855 H    0  0  0  0  0  0  0  0  0  0  0  0
   -2.3280   -2.5836    0.8434 H    0  0  0  0  0  0  0  0  0  0  0  0
   -3.4554   -1.2350    0.9595 H    0  0  0  0  0  0  0  0  0  0  0  0
   -4.9129   -0.9592   -0.8508 H    0  0  0  0  0  0  0  0  0  0  0  0
   -5.4747   -1.2154   -3.2428 H    0  0  0  0  0  0  0  0  0  0  0  0
   -3.8161   -2.1795   -4.8091 H    0  0  0  0  0  0  0  0  0  0  0  0
   -1.5972   -2.8897   -3.9655 H    0  0  0  0  0  0  0  0  0  0  0  0
   -1.0445   -2.6383   -1.5682 H    0  0  0  0  0  0  0  0  0  0  0  0
   -2.6003    0.8187   -0.0984 H    0  0  0  0  0  0  0  0  0  0  0  0
   -0.8920    1.1132   -0.2067 H    0  0  0  0  0  0  0  0  0  0  0  0
   -1.1409    3.3536    0.7322 H    0  0  0  0  0  0  0  0  0  0  0  0
   -1.3149    4.7540    2.7546 H    0  0  0  0  0  0  0  0  0  0  0  0
   -1.9979    3.7426    4.9115 H    0  0  0  0  0  0  0  0  0  0  0  0
   -2.4953    1.3191    5.0267 H    0  0  0  0  0  0  0  0  0  0  0  0
   -2.3148   -0.0807    3.0017 H    0  0  0  0  0  0  0  0  0  0  0  0
  1  2  2  0
  2  3  1  0
  3  4  2  0
  4  5  1  0
  5  6  2  0
  6  7  1  0
  7  8  2  0
  2  9  1  0
  9 10  2  0
 10 11  1  0
 11 12  2  0
 12 13  1  0
 13 14  2  0
 14 15  1  0
 15 16  1  0
 16 17  2  0
 16 18  1  0
 18 19  1  0
 19 20  1  0
 20 21  2  0
 21 22  1  0
 22 23  2  0
 23 24  1  0
 24 25  2  0
 18 26  1  0
 26 27  1  0
 27 28  2  0
 28 29  1  0
 29 30  2  0
 30 31  1  0
 31 32  2  0
  8  3  1  0
 14  9  1  0
 25 20  1  0
 32 27  1  0
  4 33  1  0
  5 34  1  0
  6 35  1  0
  7 36  1  0
  8 37  1  0
 10 38  1  0
 11 39  1  0
 12 40  1  0
 13 41  1  0
 15 42  1  0
 19 43  1  0
 19 44  1  0
 21 45  1  0
 22 46  1  0
 23 47  1  0
 24 48  1  0
 25 49  1  0
 26 50  1  0
 26 51  1  0
 28 52  1  0
 29 53  1  0
 30 54  1  0
 31 55  1  0
 32 56  1  0
M  END
