
     RDKit          2D

 56 59  0  0  0  0  0  0  0  0999 V2000
    4.5595    1.2148   -0.1325 O    0  0  0  0  0  0  0  0  0  0  0  0
    3.5799    0.4453   -0.2204 C    0  0  0  0  0  0  0  0  0  0  0  0
    2.5964    0.6821   -1.3127 C    0  0  0  0  0  0  0  0  0  0  0  0
    2.3442    1.9982   -1.7103 C    0  0  0  0  0  0  0  0  0  0  0  0
    1.4944    2.2574   -2.7796 C    0  0  0  0  0  0  0  0  0  0  0  0
    0.9113    1.2011   -3.4762 C    0  0  0  0  0  0  0  0  0  0  0  0
    1.1785   -0.1140   -3.1001 C    0  0  0  0  0  0  0  0  0  0  0  0
    2.0118   -0.3744   -2.0186 C    0  0  0  0  0  0  0  0  0  0  0  0
    3.5138   -0.7507    0.6656 C    0  0  0  0  0  0  0  0  0  0  0  0
    4.7437   -1.2041    1.1663 C    0  0  0  0  0  0  0  0  0  0  0  0
    4.8280   -2.3226    1.9751 C    0  0  0  0  0  0  0  0  0  0  0  0
    3.6588   -2.9930    2.3298 C    0  0  0  0  0  0  0  0  0  0  0  0
    2.4234   -2.5208    1.9144 C    0  0  0  0  0  0  0  0  0  0  0  0
    2.3310   -1.3875    1.0993 C    0  0  0  0  0  0  0  0  0  0  0  0
    1.0678   -0.8229    0.8004 N    0  0  0  0  0  0  0  0  0  0  0  0
   -0.0992   -1.5271    0.5860 C    0  0  0  0  0  0  0  0  0  0  0  0
   -0.1495   -2.7815    0.6661 O    0  0  0  0  0  0  0  0  0  0  0  0
   -1.2054   -0.7781    0.2806 N    0  0  0  0  0  0  0  0  0  0  0  0
   -2.5035   -1.4608    0.1513 C    0  0  0  0  0  0  0  0  0  0  0  0
   -2.9155   -1.6999   -1.2847 C    0  0  0  0  0  0  0  0  0  0  0  0
   -4.0384   -1.0689   -1.8198 C    0  0  0  0  0  0  0  0  0  0  0  0
   -4.4168   -1.2917   -3.1432 C    0  0  0  0  0  0  0  0  0  0  0  0
   -3.6718   -2.1500   -3.9443 C    0  0  0  0  0  0  0  0  0  0  0  0
   -2.5488   -2.7875   -3.4165 C    0  0  0  0  0  0  0  0  0  0  0  0
   -2.1735   -2.5645   -2.0967 C    0  0  0  0  0  0  0  0  0  0  0  0
   -1.1646    0.6545   -0.0087 C    0  0  0  0  0  0  0  0  0  0  0  0
   -1.1211    1.5593    1.2115 C    0  0  0  0  0  0  0  0  0  0  0  0
   -0.7855    2.9061    1.0457 C    0  0  0  0  0  0  0  0  0  0  0  0
   -0.7701    3.7712    2.1345 C    0  0  0  0  0  0  0  0  0  0  0  0
   -1.0872    3.2988    3.4065 C    0  0  0  0  0  0  0  0  0  0  0  0
   -1.4169    1.9583    3.5794 C    0  0  0  0  0  0  0  0  0  0  0  0
   -1.4335    1.0929    2.4875 C    0  0  0  0  0  0  0  0  0  0  0  0
    2.8232    2.8066   -1.1781 H    0  0  0  0  0  0  0  0  0  0  0  0
    1.2952    3.2775   -3.0744 H    0  0  0  0  0  0  0  0  0  0  0  0
    0.2555    1.4001   -4.3117 H    0  0  0  0  0  0  0  0  0  0  0  0
    0.7354   -0.9340   -3.6458 H    0  0  0  0  0  0  0  0  0  0  0  0
    2.2163   -1.3951   -1.7303 H    0  0  0  0  0  0  0  0  0  0  0  0
    5.6323   -0.6663    0.8742 H    0  0  0  0  0  0  0  0  0  0  0  0
    5.7884   -2.6690    2.3267 H    0  0  0  0  0  0  0  0  0  0  0  0
    3.7045   -3.8709    2.9582 H    0  0  0  0  0  0  0  0  0  0  0  0
    1.5181   -3.0140    2.2201 H    0  0  0  0  0  0  0  0  0  0  0  0
    1.0276    0.1803    0.7620 H    0  0  0  0  0  0  0  0  0  0  0  0
   -2.4217   -2.4046    0.6819 H    0  0  0  0  0  0  0  0  0  0  0  0
   -3.2538   -0.8525    0.6560 H    0  0  0  0  0  0  0  0  0  0  0  0
   -4.6229   -0.4032   -1.1979 H    0  0  0  0  0  0  0  0  0  0  0  0
   -5.2898   -0.7960   -3.5439 H    0  0  0  0  0  0  0  0  0  0  0  0
   -3.9634   -2.3258   -4.9701 H    0  0  0  0  0  0  0  0  0  0  0  0
   -1.9716   -3.4628   -4.0325 H    0  0  0  0  0  0  0  0  0  0  0  0
   -1.3106   -3.0655   -1.6807 H    0  0  0  0  0  0  0  0  0  0  0  0
   -2.0561    0.8799   -0.5935 H    0  0  0  0  0  0  0  0  0  0  0  0
   -0.3278    0.8784   -0.6723 H    0  0  0  0  0  0  0  0  0  0  0  0
   -0.5338    3.2767    0.0602 H    0  0  0  0  0  0  0  0  0  0  0  0
   -0.5068    4.8098    1.9923 H    0  0  0  0  0  0  0  0  0  0  0  0
   -1.0721    3.9689    4.2541 H    0  0  0  0  0  0  0  0  0  0  0  0
   -1.6590    1.5829    4.5636 H    0  0  0  0  0  0  0  0  0  0  0  0
   -1.6825    0.0509    2.6285 H    0  0  0  0  0  0  0  0  0  0  0  0
  1  2  2  0
  2  3  1  0
  3  4  2  0
  4  5  1  0
  5  6  2  0
  6  7  1  0
  7  8  2  0
  2  9  1  0
  9 10  2  0
 10 11  1  0
 11 12  2  0
 12 13  1  0
 13 14  2  0
 14 15  1  0
 15 16  1  0
 16 17  2  0
 16 18  1  0
 18 19  1  0
 19 20  1  0
 20 21  2  0
 21 22  1  0
 22 23  2  0
 23 24  1  0
 24 25  2  0
 18 26  1  0
 26 27  1  0
 27 28  2  0
 28 29  1  0
 29 30  2  0
 30 31  1  0
 31 32  2  0
  8  3  1  0
 14  9  1  0
 25 20  1  0
 32 27  1  0
  4 33  1  0
  5 34  1  0
  6 35  1  0
  7 36  1  0
  8 37  1  0
 10 38  1  0
 11 39  1  0
 12 40  1  0
 13 41  1  0
 15 42  1  0
 19 43  1  0
 19 44  1  0
 21 45  1  0
 22 46  1  0
 23 47  1  0
 24 48  1  0
 25 49  1  0
 26 50  1  0
 26 51  1  0
 28 52  1  0
 29 53  1  0
 30 54  1  0
 31 55  1  0
 32 56  1  0
M  END
