
     RDKit          2D

 56 59  0  0  0  0  0  0  0  0999 V2000
    4.8455    0.6696   -0.7134 O    0  0  0  0  0  0  0  0  0  0  0  0
    3.7132    0.1949   -0.4848 C    0  0  0  0  0  0  0  0  0  0  0  0
    2.6246    0.5755   -1.4336 C    0  0  0  0  0  0  0  0  0  0  0  0
    2.4430    1.9243   -1.7455 C    0  0  0  0  0  0  0  0  0  0  0  0
    1.5207    2.3005   -2.7174 C    0  0  0  0  0  0  0  0  0  0  0  0
    0.8001    1.3285   -3.4063 C    0  0  0  0  0  0  0  0  0  0  0  0
    0.9982   -0.0207   -3.1171 C    0  0  0  0  0  0  0  0  0  0  0  0
    1.9000   -0.3976   -2.1288 C    0  0  0  0  0  0  0  0  0  0  0  0
    3.5550   -0.8235    0.5915 C    0  0  0  0  0  0  0  0  0  0  0  0
    4.7482   -1.2130    1.2262 C    0  0  0  0  0  0  0  0  0  0  0  0
    4.7672   -2.1673    2.2238 C    0  0  0  0  0  0  0  0  0  0  0  0
    3.5645   -2.7389    2.6386 C    0  0  0  0  0  0  0  0  0  0  0  0
    2.3649   -2.3117    2.0960 C    0  0  0  0  0  0  0  0  0  0  0  0
    2.3363   -1.3299    1.0982 C    0  0  0  0  0  0  0  0  0  0  0  0
    1.0923   -0.7904    0.6965 N    0  0  0  0  0  0  0  0  0  0  0  0
   -0.0765   -1.5081    0.5459 C    0  0  0  0  0  0  0  0  0  0  0  0
   -0.1132   -2.7579    0.6850 O    0  0  0  0  0  0  0  0  0  0  0  0
   -1.1953   -0.7818    0.2329 N    0  0  0  0  0  0  0  0  0  0  0  0
   -2.4801   -1.4898    0.1050 C    0  0  0  0  0  0  0  0  0  0  0  0
   -2.8946   -1.7197   -1.3314 C    0  0  0  0  0  0  0  0  0  0  0  0
   -4.0238   -1.0940   -1.8592 C    0  0  0  0  0  0  0  0  0  0  0  0
   -4.4018   -1.3081   -3.1842 C    0  0  0  0  0  0  0  0  0  0  0  0
   -3.6504   -2.1525   -3.9939 C    0  0  0  0  0  0  0  0  0  0  0  0
   -2.5213   -2.7852   -3.4734 C    0  0  0  0  0  0  0  0  0  0  0  0
   -2.1465   -2.5705   -2.1521 C    0  0  0  0  0  0  0  0  0  0  0  0
   -1.1909    0.6581   -0.0195 C    0  0  0  0  0  0  0  0  0  0  0  0
   -1.1316    1.5299    1.2234 C    0  0  0  0  0  0  0  0  0  0  0  0
   -0.8041    2.8820    1.0889 C    0  0  0  0  0  0  0  0  0  0  0  0
   -0.7773    3.7182    2.2000 C    0  0  0  0  0  0  0  0  0  0  0  0
   -1.0743    3.2110    3.4632 C    0  0  0  0  0  0  0  0  0  0  0  0
   -1.3960    1.8647    3.6047 C    0  0  0  0  0  0  0  0  0  0  0  0
   -1.4242    1.0285    2.4907 C    0  0  0  0  0  0  0  0  0  0  0  0
    3.0313    2.6706   -1.2317 H    0  0  0  0  0  0  0  0  0  0  0  0
    1.3770    3.3468   -2.9455 H    0  0  0  0  0  0  0  0  0  0  0  0
    0.0918    1.6182   -4.1691 H    0  0  0  0  0  0  0  0  0  0  0  0
    0.4478   -0.7770   -3.6572 H    0  0  0  0  0  0  0  0  0  0  0  0
    2.0477   -1.4440   -1.9036 H    0  0  0  0  0  0  0  0  0  0  0  0
    5.6640   -0.7633    0.8765 H    0  0  0  0  0  0  0  0  0  0  0  0
    5.7017   -2.4641    2.6760 H    0  0  0  0  0  0  0  0  0  0  0  0
    3.5575   -3.4938    3.4117 H    0  0  0  0  0  0  0  0  0  0  0  0
    1.4329   -2.7185    2.4466 H    0  0  0  0  0  0  0  0  0  0  0  0
    1.0729    0.1977    0.5181 H    0  0  0  0  0  0  0  0  0  0  0  0
   -2.3734   -2.4379    0.6233 H    0  0  0  0  0  0  0  0  0  0  0  0
   -3.2398   -0.9042    0.6224 H    0  0  0  0  0  0  0  0  0  0  0  0
   -4.6135   -0.4395   -1.2305 H    0  0  0  0  0  0  0  0  0  0  0  0
   -5.2797   -0.8166   -3.5794 H    0  0  0  0  0  0  0  0  0  0  0  0
   -3.9418   -2.3218   -5.0208 H    0  0  0  0  0  0  0  0  0  0  0  0
   -1.9393   -3.4503   -4.0960 H    0  0  0  0  0  0  0  0  0  0  0  0
   -1.2785   -3.0685   -1.7426 H    0  0  0  0  0  0  0  0  0  0  0  0
   -2.1039    0.8787   -0.5719 H    0  0  0  0  0  0  0  0  0  0  0  0
   -0.3823    0.9216   -0.7034 H    0  0  0  0  0  0  0  0  0  0  0  0
   -0.5675    3.2798    0.1103 H    0  0  0  0  0  0  0  0  0  0  0  0
   -0.5205    4.7615    2.0816 H    0  0  0  0  0  0  0  0  0  0  0  0
   -1.0503    3.8583    4.3281 H    0  0  0  0  0  0  0  0  0  0  0  0
   -1.6227    1.4621    4.5819 H    0  0  0  0  0  0  0  0  0  0  0  0
   -1.6672   -0.0179    2.6080 H    0  0  0  0  0  0  0  0  0  0  0  0
  1  2  2  0
  2  3  1  0
  3  4  2  0
  4  5  1  0
  5  6  2  0
  6  7  1  0
  7  8  2  0
  2  9  1  0
  9 10  2  0
 10 11  1  0
 11 12  2  0
 12 13  1  0
 13 14  2  0
 14 15  1  0
 15 16  1  0
 16 17  2  0
 16 18  1  0
 18 19  1  0
 19 20  1  0
 20 21  2  0
 21 22  1  0
 22 23  2  0
 23 24  1  0
 24 25  2  0
 18 26  1  0
 26 27  1  0
 27 28  2  0
 28 29  1  0
 29 30  2  0
 30 31  1  0
 31 32  2  0
  8  3  1  0
 14  9  1  0
 25 20  1  0
 32 27  1  0
  4 33  1  0
  5 34  1  0
  6 35  1  0
  7 36  1  0
  8 37  1  0
 10 38  1  0
 11 39  1  0
 12 40  1  0
 13 41  1  0
 15 42  1  0
 19 43  1  0
 19 44  1  0
 21 45  1  0
 22 46  1  0
 23 47  1  0
 24 48  1  0
 25 49  1  0
 26 50  1  0
 26 51  1  0
 28 52  1  0
 29 53  1  0
 30 54  1  0
 31 55  1  0
 32 56  1  0
M  END
