
     RDKit          2D

 56 59  0  0  0  0  0  0  0  0999 V2000
    4.3859    1.3785    0.0817 O    0  0  0  0  0  0  0  0  0  0  0  0
    3.5089    0.5168   -0.1339 C    0  0  0  0  0  0  0  0  0  0  0  0
    2.5891    0.6997   -1.2878 C    0  0  0  0  0  0  0  0  0  0  0  0
    2.3210    1.9999   -1.7273 C    0  0  0  0  0  0  0  0  0  0  0  0
    1.5132    2.2126   -2.8377 C    0  0  0  0  0  0  0  0  0  0  0  0
    0.9838    1.1257   -3.5309 C    0  0  0  0  0  0  0  0  0  0  0  0
    1.2646   -0.1730   -3.1110 C    0  0  0  0  0  0  0  0  0  0  0  0
    2.0593   -0.3871   -1.9910 C    0  0  0  0  0  0  0  0  0  0  0  0
    3.4893   -0.7209    0.6955 C    0  0  0  0  0  0  0  0  0  0  0  0
    4.7378   -1.1931    1.1220 C    0  0  0  0  0  0  0  0  0  0  0  0
    4.8524   -2.3552    1.8654 C    0  0  0  0  0  0  0  0  0  0  0  0
    3.6984   -3.0484    2.2242 C    0  0  0  0  0  0  0  0  0  0  0  0
    2.4467   -2.5645    1.8727 C    0  0  0  0  0  0  0  0  0  0  0  0
    2.3250   -1.3935    1.1184 C    0  0  0  0  0  0  0  0  0  0  0  0
    1.0534   -0.8265    0.8580 N    0  0  0  0  0  0  0  0  0  0  0  0
   -0.1086   -1.5308    0.6189 C    0  0  0  0  0  0  0  0  0  0  0  0
   -0.1568   -2.7865    0.6787 O    0  0  0  0  0  0  0  0  0  0  0  0
   -1.2127   -0.7789    0.3131 N    0  0  0  0  0  0  0  0  0  0  0  0
   -2.5116   -1.4580    0.1752 C    0  0  0  0  0  0  0  0  0  0  0  0
   -2.9165   -1.6919   -1.2637 C    0  0  0  0  0  0  0  0  0  0  0  0
   -4.0311   -1.0516   -1.8049 C    0  0  0  0  0  0  0  0  0  0  0  0
   -4.4021   -1.2686   -3.1314 C    0  0  0  0  0  0  0  0  0  0  0  0
   -3.6578   -2.1304   -3.9294 C    0  0  0  0  0  0  0  0  0  0  0  0
   -2.5431   -2.7771   -3.3955 C    0  0  0  0  0  0  0  0  0  0  0  0
   -2.1752   -2.5599   -2.0727 C    0  0  0  0  0  0  0  0  0  0  0  0
   -1.1626    0.6512    0.0126 C    0  0  0  0  0  0  0  0  0  0  0  0
   -1.1346    1.5664    1.2254 C    0  0  0  0  0  0  0  0  0  0  0  0
   -0.8043    2.9136    1.0511 C    0  0  0  0  0  0  0  0  0  0  0  0
   -0.8012    3.7875    2.1329 C    0  0  0  0  0  0  0  0  0  0  0  0
   -1.1254    3.3239    3.4064 C    0  0  0  0  0  0  0  0  0  0  0  0
   -1.4498    1.9834    3.5879 C    0  0  0  0  0  0  0  0  0  0  0  0
   -1.4541    1.1089    2.5030 C    0  0  0  0  0  0  0  0  0  0  0  0
    2.7546    2.8311   -1.1914 H    0  0  0  0  0  0  0  0  0  0  0  0
    1.3024    3.2200   -3.1661 H    0  0  0  0  0  0  0  0  0  0  0  0
    0.3585    1.2888   -4.3969 H    0  0  0  0  0  0  0  0  0  0  0  0
    0.8622   -1.0162   -3.6529 H    0  0  0  0  0  0  0  0  0  0  0  0
    2.2754   -1.3954   -1.6698 H    0  0  0  0  0  0  0  0  0  0  0  0
    5.6155   -0.6356    0.8325 H    0  0  0  0  0  0  0  0  0  0  0  0
    5.8254   -2.7166    2.1633 H    0  0  0  0  0  0  0  0  0  0  0  0
    3.7691   -3.9574    2.8040 H    0  0  0  0  0  0  0  0  0  0  0  0
    1.5540   -3.0807    2.1774 H    0  0  0  0  0  0  0  0  0  0  0  0
    1.0016    0.1771    0.8744 H    0  0  0  0  0  0  0  0  0  0  0  0
   -2.4345   -2.4037    0.7033 H    0  0  0  0  0  0  0  0  0  0  0  0
   -3.2633   -0.8497    0.6779 H    0  0  0  0  0  0  0  0  0  0  0  0
   -4.6151   -0.3832   -1.1854 H    0  0  0  0  0  0  0  0  0  0  0  0
   -5.2687   -0.7656   -3.5369 H    0  0  0  0  0  0  0  0  0  0  0  0
   -3.9436   -2.3017   -4.9576 H    0  0  0  0  0  0  0  0  0  0  0  0
   -1.9664   -3.4550   -4.0093 H    0  0  0  0  0  0  0  0  0  0  0  0
   -1.3183   -3.0671   -1.6518 H    0  0  0  0  0  0  0  0  0  0  0  0
   -2.0433    0.8755   -0.5888 H    0  0  0  0  0  0  0  0  0  0  0  0
   -0.3124    0.8644   -0.6372 H    0  0  0  0  0  0  0  0  0  0  0  0
   -0.5472    3.2775    0.0645 H    0  0  0  0  0  0  0  0  0  0  0  0
   -0.5418    4.8261    1.9842 H    0  0  0  0  0  0  0  0  0  0  0  0
   -1.1198    4.0010    4.2485 H    0  0  0  0  0  0  0  0  0  0  0  0
   -1.6973    1.6147    4.5733 H    0  0  0  0  0  0  0  0  0  0  0  0
   -1.6991    0.0669    2.6503 H    0  0  0  0  0  0  0  0  0  0  0  0
  1  2  2  0
  2  3  1  0
  3  4  2  0
  4  5  1  0
  5  6  2  0
  6  7  1  0
  7  8  2  0
  2  9  1  0
  9 10  2  0
 10 11  1  0
 11 12  2  0
 12 13  1  0
 13 14  2  0
 14 15  1  0
 15 16  1  0
 16 17  2  0
 16 18  1  0
 18 19  1  0
 19 20  1  0
 20 21  2  0
 21 22  1  0
 22 23  2  0
 23 24  1  0
 24 25  2  0
 18 26  1  0
 26 27  1  0
 27 28  2  0
 28 29  1  0
 29 30  2  0
 30 31  1  0
 31 32  2  0
  8  3  1  0
 14  9  1  0
 25 20  1  0
 32 27  1  0
  4 33  1  0
  5 34  1  0
  6 35  1  0
  7 36  1  0
  8 37  1  0
 10 38  1  0
 11 39  1  0
 12 40  1  0
 13 41  1  0
 15 42  1  0
 19 43  1  0
 19 44  1  0
 21 45  1  0
 22 46  1  0
 23 47  1  0
 24 48  1  0
 25 49  1  0
 26 50  1  0
 26 51  1  0
 28 52  1  0
 29 53  1  0
 30 54  1  0
 31 55  1  0
 32 56  1  0
M  END
