
     RDKit          2D

 56 59  0  0  0  0  0  0  0  0999 V2000
    3.7021    0.0228   -2.4645 O    0  0  0  0  0  0  0  0  0  0  0  0
    3.5507    0.5479   -1.3469 C    0  0  0  0  0  0  0  0  0  0  0  0
    3.0960    1.9537   -1.2289 C    0  0  0  0  0  0  0  0  0  0  0  0
    3.1498    2.6431   -0.0120 C    0  0  0  0  0  0  0  0  0  0  0  0
    2.7391    3.9700    0.0570 C    0  0  0  0  0  0  0  0  0  0  0  0
    2.2735    4.6148   -1.0849 C    0  0  0  0  0  0  0  0  0  0  0  0
    2.2223    3.9352   -2.3021 C    0  0  0  0  0  0  0  0  0  0  0  0
    2.6335    2.6131   -2.3750 C    0  0  0  0  0  0  0  0  0  0  0  0
    3.8545   -0.2445   -0.1133 C    0  0  0  0  0  0  0  0  0  0  0  0
    5.1843   -0.5961    0.1185 C    0  0  0  0  0  0  0  0  0  0  0  0
    5.5368   -1.3640    1.2203 C    0  0  0  0  0  0  0  0  0  0  0  0
    4.5438   -1.7912    2.0952 C    0  0  0  0  0  0  0  0  0  0  0  0
    3.2139   -1.4496    1.8815 C    0  0  0  0  0  0  0  0  0  0  0  0
    2.8538   -0.6740    0.7765 C    0  0  0  0  0  0  0  0  0  0  0  0
    1.5091   -0.2945    0.5283 N    0  0  0  0  0  0  0  0  0  0  0  0
    0.3832   -1.0085    0.8878 C    0  0  0  0  0  0  0  0  0  0  0  0
    0.4403   -2.0399    1.6044 O    0  0  0  0  0  0  0  0  0  0  0  0
   -0.8143   -0.5228    0.4280 N    0  0  0  0  0  0  0  0  0  0  0  0
   -2.0567   -1.1451    0.9131 C    0  0  0  0  0  0  0  0  0  0  0  0
   -2.6802   -2.0920   -0.0885 C    0  0  0  0  0  0  0  0  0  0  0  0
   -3.9517   -1.8462   -0.6066 C    0  0  0  0  0  0  0  0  0  0  0  0
   -4.5274   -2.7235   -1.5247 C    0  0  0  0  0  0  0  0  0  0  0  0
   -3.8319   -3.8558   -1.9346 C    0  0  0  0  0  0  0  0  0  0  0  0
   -2.5600   -4.1092   -1.4212 C    0  0  0  0  0  0  0  0  0  0  0  0
   -1.9885   -3.2345   -0.5045 C    0  0  0  0  0  0  0  0  0  0  0  0
   -0.9618    0.5203   -0.5829 C    0  0  0  0  0  0  0  0  0  0  0  0
   -1.1732    1.9210   -0.0324 C    0  0  0  0  0  0  0  0  0  0  0  0
   -1.5255    2.9474   -0.9138 C    0  0  0  0  0  0  0  0  0  0  0  0
   -1.7268    4.2419   -0.4497 C    0  0  0  0  0  0  0  0  0  0  0  0
   -1.5818    4.5290    0.9068 C    0  0  0  0  0  0  0  0  0  0  0  0
   -1.2344    3.5126    1.7897 C    0  0  0  0  0  0  0  0  0  0  0  0
   -1.0308    2.2149    1.3220 C    0  0  0  0  0  0  0  0  0  0  0  0
    3.5242    2.1494    0.8733 H    0  0  0  0  0  0  0  0  0  0  0  0
    2.7834    4.4981    0.9979 H    0  0  0  0  0  0  0  0  0  0  0  0
    1.9512    5.6445   -1.0282 H    0  0  0  0  0  0  0  0  0  0  0  0
    1.8629    4.4383   -3.1879 H    0  0  0  0  0  0  0  0  0  0  0  0
    2.6083    2.0727   -3.3094 H    0  0  0  0  0  0  0  0  0  0  0  0
    5.9405   -0.2675   -0.5803 H    0  0  0  0  0  0  0  0  0  0  0  0
    6.5700   -1.6294    1.3884 H    0  0  0  0  0  0  0  0  0  0  0  0
    4.8004   -2.3924    2.9556 H    0  0  0  0  0  0  0  0  0  0  0  0
    2.4445   -1.7952    2.5478 H    0  0  0  0  0  0  0  0  0  0  0  0
    1.3771    0.5802    0.0501 H    0  0  0  0  0  0  0  0  0  0  0  0
   -1.8130   -1.6729    1.8302 H    0  0  0  0  0  0  0  0  0  0  0  0
   -2.7588   -0.3477    1.1573 H    0  0  0  0  0  0  0  0  0  0  0  0
   -4.4953   -0.9657   -0.2891 H    0  0  0  0  0  0  0  0  0  0  0  0
   -5.5136   -2.5201   -1.9180 H    0  0  0  0  0  0  0  0  0  0  0  0
   -4.2751   -4.5375   -2.6467 H    0  0  0  0  0  0  0  0  0  0  0  0
   -2.0170   -4.9903   -1.7331 H    0  0  0  0  0  0  0  0  0  0  0  0
   -1.0076   -3.4343   -0.0965 H    0  0  0  0  0  0  0  0  0  0  0  0
   -1.8172    0.2475   -1.2024 H    0  0  0  0  0  0  0  0  0  0  0  0
   -0.1075    0.5025   -1.2607 H    0  0  0  0  0  0  0  0  0  0  0  0
   -1.6448    2.7293   -1.9674 H    0  0  0  0  0  0  0  0  0  0  0  0
   -2.0006    5.0248   -1.1429 H    0  0  0  0  0  0  0  0  0  0  0  0
   -1.7422    5.5342    1.2697 H    0  0  0  0  0  0  0  0  0  0  0  0
   -1.1235    3.7246    2.8438 H    0  0  0  0  0  0  0  0  0  0  0  0
   -0.7675    1.4280    2.0142 H    0  0  0  0  0  0  0  0  0  0  0  0
  1  2  2  0
  2  3  1  0
  3  4  2  0
  4  5  1  0
  5  6  2  0
  6  7  1  0
  7  8  2  0
  2  9  1  0
  9 10  2  0
 10 11  1  0
 11 12  2  0
 12 13  1  0
 13 14  2  0
 14 15  1  0
 15 16  1  0
 16 17  2  0
 16 18  1  0
 18 19  1  0
 19 20  1  0
 20 21  2  0
 21 22  1  0
 22 23  2  0
 23 24  1  0
 24 25  2  0
 18 26  1  0
 26 27  1  0
 27 28  2  0
 28 29  1  0
 29 30  2  0
 30 31  1  0
 31 32  2  0
  8  3  1  0
 14  9  1  0
 25 20  1  0
 32 27  1  0
  4 33  1  0
  5 34  1  0
  6 35  1  0
  7 36  1  0
  8 37  1  0
 10 38  1  0
 11 39  1  0
 12 40  1  0
 13 41  1  0
 15 42  1  0
 19 43  1  0
 19 44  1  0
 21 45  1  0
 22 46  1  0
 23 47  1  0
 24 48  1  0
 25 49  1  0
 26 50  1  0
 26 51  1  0
 28 52  1  0
 29 53  1  0
 30 54  1  0
 31 55  1  0
 32 56  1  0
M  END
