
     RDKit          2D

 56 59  0  0  0  0  0  0  0  0999 V2000
    1.8261    1.7806    0.3672 O    0  0  0  0  0  0  0  0  0  0  0  0
    2.5974    1.0766   -0.3159 C    0  0  0  0  0  0  0  0  0  0  0  0
    3.3984    1.6916   -1.4006 C    0  0  0  0  0  0  0  0  0  0  0  0
    3.6648    3.0626   -1.3621 C    0  0  0  0  0  0  0  0  0  0  0  0
    4.3965    3.6729   -2.3707 C    0  0  0  0  0  0  0  0  0  0  0  0
    4.8657    2.9159   -3.4425 C    0  0  0  0  0  0  0  0  0  0  0  0
    4.5947    1.5516   -3.4966 C    0  0  0  0  0  0  0  0  0  0  0  0
    3.8651    0.9413   -2.4831 C    0  0  0  0  0  0  0  0  0  0  0  0
    2.7325   -0.3808   -0.0397 C    0  0  0  0  0  0  0  0  0  0  0  0
    4.0097   -0.9445    0.0307 C    0  0  0  0  0  0  0  0  0  0  0  0
    4.1776   -2.2875    0.3352 C    0  0  0  0  0  0  0  0  0  0  0  0
    3.0668   -3.0939    0.5634 C    0  0  0  0  0  0  0  0  0  0  0  0
    1.7946   -2.5435    0.4903 C    0  0  0  0  0  0  0  0  0  0  0  0
    1.6137   -1.1933    0.2087 C    0  0  0  0  0  0  0  0  0  0  0  0
    0.3083   -0.6608    0.0894 N    0  0  0  0  0  0  0  0  0  0  0  0
   -0.7221   -0.9237    0.9347 C    0  0  0  0  0  0  0  0  0  0  0  0
   -0.5279   -1.6907    1.8969 O    0  0  0  0  0  0  0  0  0  0  0  0
   -1.9327   -0.3136    0.6392 N    0  0  0  0  0  0  0  0  0  0  0  0
   -3.1677   -1.0714    0.8780 C    0  0  0  0  0  0  0  0  0  0  0  0
   -3.3515   -2.2046   -0.1097 C    0  0  0  0  0  0  0  0  0  0  0  0
   -3.8276   -1.9410   -1.3955 C    0  0  0  0  0  0  0  0  0  0  0  0
   -3.9592   -2.9660   -2.3254 C    0  0  0  0  0  0  0  0  0  0  0  0
   -3.6080   -4.2691   -1.9798 C    0  0  0  0  0  0  0  0  0  0  0  0
   -3.1237   -4.5414   -0.7047 C    0  0  0  0  0  0  0  0  0  0  0  0
   -2.9942   -3.5113    0.2240 C    0  0  0  0  0  0  0  0  0  0  0  0
   -2.0144    1.1222    0.3298 C    0  0  0  0  0  0  0  0  0  0  0  0
   -2.1435    1.9860    1.5687 C    0  0  0  0  0  0  0  0  0  0  0  0
   -3.3997    2.4026    2.0070 C    0  0  0  0  0  0  0  0  0  0  0  0
   -3.5211    3.1651    3.1653 C    0  0  0  0  0  0  0  0  0  0  0  0
   -2.3881    3.5119    3.8941 C    0  0  0  0  0  0  0  0  0  0  0  0
   -1.1304    3.0942    3.4657 C    0  0  0  0  0  0  0  0  0  0  0  0
   -1.0106    2.3320    2.3091 C    0  0  0  0  0  0  0  0  0  0  0  0
    3.2998    3.6453   -0.5305 H    0  0  0  0  0  0  0  0  0  0  0  0
    4.6005    4.7325   -2.3240 H    0  0  0  0  0  0  0  0  0  0  0  0
    5.4350    3.3869   -4.2309 H    0  0  0  0  0  0  0  0  0  0  0  0
    4.9496    0.9637   -4.3302 H    0  0  0  0  0  0  0  0  0  0  0  0
    3.6472   -0.1141   -2.5458 H    0  0  0  0  0  0  0  0  0  0  0  0
    4.8761   -0.3223   -0.1378 H    0  0  0  0  0  0  0  0  0  0  0  0
    5.1715   -2.7053    0.3910 H    0  0  0  0  0  0  0  0  0  0  0  0
    3.1880   -4.1439    0.7867 H    0  0  0  0  0  0  0  0  0  0  0  0
    0.9312   -3.1697    0.6366 H    0  0  0  0  0  0  0  0  0  0  0  0
    0.1325   -0.0305   -0.6667 H    0  0  0  0  0  0  0  0  0  0  0  0
   -3.1707   -1.4613    1.8942 H    0  0  0  0  0  0  0  0  0  0  0  0
   -4.0014   -0.3783    0.8035 H    0  0  0  0  0  0  0  0  0  0  0  0
   -4.0949   -0.9292   -1.6717 H    0  0  0  0  0  0  0  0  0  0  0  0
   -4.3321   -2.7501   -3.3169 H    0  0  0  0  0  0  0  0  0  0  0  0
   -3.7092   -5.0664   -2.7024 H    0  0  0  0  0  0  0  0  0  0  0  0
   -2.8451   -5.5501   -0.4336 H    0  0  0  0  0  0  0  0  0  0  0  0
   -2.6086   -3.7223    1.2114 H    0  0  0  0  0  0  0  0  0  0  0  0
   -2.8651    1.2837   -0.3296 H    0  0  0  0  0  0  0  0  0  0  0  0
   -1.1314    1.4297   -0.2253 H    0  0  0  0  0  0  0  0  0  0  0  0
   -4.2850    2.1332    1.4453 H    0  0  0  0  0  0  0  0  0  0  0  0
   -4.4983    3.4860    3.4980 H    0  0  0  0  0  0  0  0  0  0  0  0
   -2.4838    4.1043    4.7930 H    0  0  0  0  0  0  0  0  0  0  0  0
   -0.2478    3.3596    4.0303 H    0  0  0  0  0  0  0  0  0  0  0  0
   -0.0325    2.0048    1.9797 H    0  0  0  0  0  0  0  0  0  0  0  0
  1  2  2  0
  2  3  1  0
  3  4  2  0
  4  5  1  0
  5  6  2  0
  6  7  1  0
  7  8  2  0
  2  9  1  0
  9 10  2  0
 10 11  1  0
 11 12  2  0
 12 13  1  0
 13 14  2  0
 14 15  1  0
 15 16  1  0
 16 17  2  0
 16 18  1  0
 18 19  1  0
 19 20  1  0
 20 21  2  0
 21 22  1  0
 22 23  2  0
 23 24  1  0
 24 25  2  0
 18 26  1  0
 26 27  1  0
 27 28  2  0
 28 29  1  0
 29 30  2  0
 30 31  1  0
 31 32  2  0
  8  3  1  0
 14  9  1  0
 25 20  1  0
 32 27  1  0
  4 33  1  0
  5 34  1  0
  6 35  1  0
  7 36  1  0
  8 37  1  0
 10 38  1  0
 11 39  1  0
 12 40  1  0
 13 41  1  0
 15 42  1  0
 19 43  1  0
 19 44  1  0
 21 45  1  0
 22 46  1  0
 23 47  1  0
 24 48  1  0
 25 49  1  0
 26 50  1  0
 26 51  1  0
 28 52  1  0
 29 53  1  0
 30 54  1  0
 31 55  1  0
 32 56  1  0
M  END
