
     RDKit          2D

 56 59  0  0  0  0  0  0  0  0999 V2000
    4.9171    0.1103   -1.1606 O    0  0  0  0  0  0  0  0  0  0  0  0
    3.7646   -0.0793   -0.7217 C    0  0  0  0  0  0  0  0  0  0  0  0
    2.6447    0.4744   -1.5468 C    0  0  0  0  0  0  0  0  0  0  0  0
    2.5297    1.8562   -1.7049 C    0  0  0  0  0  0  0  0  0  0  0  0
    1.5814    2.3832   -2.5783 C    0  0  0  0  0  0  0  0  0  0  0  0
    0.7648    1.5322   -3.3173 C    0  0  0  0  0  0  0  0  0  0  0  0
    0.8908    0.1511   -3.1751 C    0  0  0  0  0  0  0  0  0  0  0  0
    1.8218   -0.3778   -2.2885 C    0  0  0  0  0  0  0  0  0  0  0  0
    3.5807   -0.9108    0.4995 C    0  0  0  0  0  0  0  0  0  0  0  0
    4.7728   -1.2894    1.1448 C    0  0  0  0  0  0  0  0  0  0  0  0
    4.7738   -2.0916    2.2682 C    0  0  0  0  0  0  0  0  0  0  0  0
    3.5567   -2.5240    2.7948 C    0  0  0  0  0  0  0  0  0  0  0  0
    2.3660   -2.1107    2.2241 C    0  0  0  0  0  0  0  0  0  0  0  0
    2.3552   -1.2811    1.0968 C    0  0  0  0  0  0  0  0  0  0  0  0
    1.1165   -0.7735    0.6408 N    0  0  0  0  0  0  0  0  0  0  0  0
   -0.0502   -1.5057    0.5601 C    0  0  0  0  0  0  0  0  0  0  0  0
   -0.0718   -2.7451    0.7734 O    0  0  0  0  0  0  0  0  0  0  0  0
   -1.1811   -0.8064    0.2290 N    0  0  0  0  0  0  0  0  0  0  0  0
   -2.4520   -1.5400    0.1085 C    0  0  0  0  0  0  0  0  0  0  0  0
   -2.8625   -1.7808   -1.3273 C    0  0  0  0  0  0  0  0  0  0  0  0
   -4.0024   -1.1770   -1.8575 C    0  0  0  0  0  0  0  0  0  0  0  0
   -4.3737   -1.3991   -3.1831 C    0  0  0  0  0  0  0  0  0  0  0  0
   -3.6049   -2.2295   -3.9910 C    0  0  0  0  0  0  0  0  0  0  0  0
   -2.4650   -2.8405   -3.4679 C    0  0  0  0  0  0  0  0  0  0  0  0
   -2.0971   -2.6179   -2.1460 C    0  0  0  0  0  0  0  0  0  0  0  0
   -1.2064    0.6327   -0.0266 C    0  0  0  0  0  0  0  0  0  0  0  0
   -1.1408    1.5062    1.2144 C    0  0  0  0  0  0  0  0  0  0  0  0
   -0.8221    2.8598    1.0761 C    0  0  0  0  0  0  0  0  0  0  0  0
   -0.7926    3.6977    2.1860 C    0  0  0  0  0  0  0  0  0  0  0  0
   -1.0780    3.1906    3.4518 C    0  0  0  0  0  0  0  0  0  0  0  0
   -1.3909    1.8426    3.5972 C    0  0  0  0  0  0  0  0  0  0  0  0
   -1.4219    1.0049    2.4844 C    0  0  0  0  0  0  0  0  0  0  0  0
    3.1865    2.5147   -1.1545 H    0  0  0  0  0  0  0  0  0  0  0  0
    1.4936    3.4542   -2.6913 H    0  0  0  0  0  0  0  0  0  0  0  0
    0.0374    1.9402   -4.0042 H    0  0  0  0  0  0  0  0  0  0  0  0
    0.2622   -0.5128   -3.7505 H    0  0  0  0  0  0  0  0  0  0  0  0
    1.9133   -1.4487   -2.1754 H    0  0  0  0  0  0  0  0  0  0  0  0
    5.6998   -0.9542    0.7073 H    0  0  0  0  0  0  0  0  0  0  0  0
    5.7060   -2.3780    2.7318 H    0  0  0  0  0  0  0  0  0  0  0  0
    3.5349   -3.1583    3.6693 H    0  0  0  0  0  0  0  0  0  0  0  0
    1.4253   -2.4144    2.6496 H    0  0  0  0  0  0  0  0  0  0  0  0
    1.1030    0.1892    0.3564 H    0  0  0  0  0  0  0  0  0  0  0  0
   -2.3235   -2.4841    0.6290 H    0  0  0  0  0  0  0  0  0  0  0  0
   -3.2229   -0.9695    0.6260 H    0  0  0  0  0  0  0  0  0  0  0  0
   -4.6054   -0.5332   -1.2303 H    0  0  0  0  0  0  0  0  0  0  0  0
   -5.2600   -0.9245   -3.5802 H    0  0  0  0  0  0  0  0  0  0  0  0
   -3.8910   -2.4046   -5.0184 H    0  0  0  0  0  0  0  0  0  0  0  0
   -1.8693   -3.4948   -4.0890 H    0  0  0  0  0  0  0  0  0  0  0  0
   -1.2204   -3.1001   -1.7358 H    0  0  0  0  0  0  0  0  0  0  0  0
   -2.1338    0.8354   -0.5618 H    0  0  0  0  0  0  0  0  0  0  0  0
   -0.4176    0.9131   -0.7264 H    0  0  0  0  0  0  0  0  0  0  0  0
   -0.5941    3.2577    0.0955 H    0  0  0  0  0  0  0  0  0  0  0  0
   -0.5428    4.7423    2.0644 H    0  0  0  0  0  0  0  0  0  0  0  0
   -1.0522    3.8393    4.3157 H    0  0  0  0  0  0  0  0  0  0  0  0
   -1.6090    1.4400    4.5763 H    0  0  0  0  0  0  0  0  0  0  0  0
   -1.6586   -0.0426    2.6049 H    0  0  0  0  0  0  0  0  0  0  0  0
  1  2  2  0
  2  3  1  0
  3  4  2  0
  4  5  1  0
  5  6  2  0
  6  7  1  0
  7  8  2  0
  2  9  1  0
  9 10  2  0
 10 11  1  0
 11 12  2  0
 12 13  1  0
 13 14  2  0
 14 15  1  0
 15 16  1  0
 16 17  2  0
 16 18  1  0
 18 19  1  0
 19 20  1  0
 20 21  2  0
 21 22  1  0
 22 23  2  0
 23 24  1  0
 24 25  2  0
 18 26  1  0
 26 27  1  0
 27 28  2  0
 28 29  1  0
 29 30  2  0
 30 31  1  0
 31 32  2  0
  8  3  1  0
 14  9  1  0
 25 20  1  0
 32 27  1  0
  4 33  1  0
  5 34  1  0
  6 35  1  0
  7 36  1  0
  8 37  1  0
 10 38  1  0
 11 39  1  0
 12 40  1  0
 13 41  1  0
 15 42  1  0
 19 43  1  0
 19 44  1  0
 21 45  1  0
 22 46  1  0
 23 47  1  0
 24 48  1  0
 25 49  1  0
 26 50  1  0
 26 51  1  0
 28 52  1  0
 29 53  1  0
 30 54  1  0
 31 55  1  0
 32 56  1  0
M  END
