
     RDKit          2D

 56 59  0  0  0  0  0  0  0  0999 V2000
    3.3213    2.1233   -1.8460 O    0  0  0  0  0  0  0  0  0  0  0  0
    3.3621    1.7323   -0.6643 C    0  0  0  0  0  0  0  0  0  0  0  0
    3.0975    2.6567    0.4583 C    0  0  0  0  0  0  0  0  0  0  0  0
    3.0708    2.2087    1.7833 C    0  0  0  0  0  0  0  0  0  0  0  0
    2.8121    3.1030    2.8164 C    0  0  0  0  0  0  0  0  0  0  0  0
    2.5845    4.4470    2.5338 C    0  0  0  0  0  0  0  0  0  0  0  0
    2.6103    4.8998    1.2142 C    0  0  0  0  0  0  0  0  0  0  0  0
    2.8621    4.0090    0.1815 C    0  0  0  0  0  0  0  0  0  0  0  0
    3.7006    0.3022   -0.3671 C    0  0  0  0  0  0  0  0  0  0  0  0
    5.0385   -0.0721   -0.2384 C    0  0  0  0  0  0  0  0  0  0  0  0
    5.3760   -1.3896    0.0427 C    0  0  0  0  0  0  0  0  0  0  0  0
    4.3695   -2.3418    0.1858 C    0  0  0  0  0  0  0  0  0  0  0  0
    3.0372   -1.9845    0.0307 C    0  0  0  0  0  0  0  0  0  0  0  0
    2.6945   -0.6620   -0.2508 C    0  0  0  0  0  0  0  0  0  0  0  0
    1.3433   -0.2792   -0.4590 N    0  0  0  0  0  0  0  0  0  0  0  0
    0.2955   -0.6949    0.3393 C    0  0  0  0  0  0  0  0  0  0  0  0
    0.4905   -1.3188    1.4129 O    0  0  0  0  0  0  0  0  0  0  0  0
   -0.9615   -0.3746   -0.1005 N    0  0  0  0  0  0  0  0  0  0  0  0
   -2.1053   -0.5984    0.7979 C    0  0  0  0  0  0  0  0  0  0  0  0
   -2.9047   -1.8350    0.4513 C    0  0  0  0  0  0  0  0  0  0  0  0
   -4.2238   -1.7320    0.0094 C    0  0  0  0  0  0  0  0  0  0  0  0
   -4.9584   -2.8735   -0.3090 C    0  0  0  0  0  0  0  0  0  0  0  0
   -4.3766   -4.1307   -0.1881 C    0  0  0  0  0  0  0  0  0  0  0  0
   -3.0588   -4.2430    0.2553 C    0  0  0  0  0  0  0  0  0  0  0  0
   -2.3285   -3.1038    0.5731 C    0  0  0  0  0  0  0  0  0  0  0  0
   -1.2601    0.0964   -1.4500 C    0  0  0  0  0  0  0  0  0  0  0  0
   -1.3196    1.6062   -1.6100 C    0  0  0  0  0  0  0  0  0  0  0  0
   -1.7169    2.1384   -2.8407 C    0  0  0  0  0  0  0  0  0  0  0  0
   -1.7828    3.5134   -3.0295 C    0  0  0  0  0  0  0  0  0  0  0  0
   -1.4542    4.3789   -1.9867 C    0  0  0  0  0  0  0  0  0  0  0  0
   -1.0598    3.8569   -0.7603 C    0  0  0  0  0  0  0  0  0  0  0  0
   -0.9924    2.4766   -0.5727 C    0  0  0  0  0  0  0  0  0  0  0  0
    3.2460    1.1665    2.0048 H    0  0  0  0  0  0  0  0  0  0  0  0
    2.7890    2.7519    3.8376 H    0  0  0  0  0  0  0  0  0  0  0  0
    2.3875    5.1411    3.3384 H    0  0  0  0  0  0  0  0  0  0  0  0
    2.4341    5.9431    0.9963 H    0  0  0  0  0  0  0  0  0  0  0  0
    2.8801    4.3394   -0.8461 H    0  0  0  0  0  0  0  0  0  0  0  0
    5.8110    0.6766   -0.3448 H    0  0  0  0  0  0  0  0  0  0  0  0
    6.4133   -1.6704    0.1505 H    0  0  0  0  0  0  0  0  0  0  0  0
    4.6223   -3.3685    0.4074 H    0  0  0  0  0  0  0  0  0  0  0  0
    2.2577   -2.7214    0.1328 H    0  0  0  0  0  0  0  0  0  0  0  0
    1.1690    0.4023   -1.1791 H    0  0  0  0  0  0  0  0  0  0  0  0
   -1.7089   -0.6756    1.8060 H    0  0  0  0  0  0  0  0  0  0  0  0
   -2.7458    0.2826    0.7524 H    0  0  0  0  0  0  0  0  0  0  0  0
   -4.6798   -0.7549   -0.0831 H    0  0  0  0  0  0  0  0  0  0  0  0
   -5.9796   -2.7784   -0.6504 H    0  0  0  0  0  0  0  0  0  0  0  0
   -4.9435   -5.0175   -0.4340 H    0  0  0  0  0  0  0  0  0  0  0  0
   -2.6044   -5.2186    0.3571 H    0  0  0  0  0  0  0  0  0  0  0  0
   -1.3105   -3.1863    0.9276 H    0  0  0  0  0  0  0  0  0  0  0  0
   -2.2222   -0.3318   -1.7340 H    0  0  0  0  0  0  0  0  0  0  0  0
   -0.5379   -0.3283   -2.1480 H    0  0  0  0  0  0  0  0  0  0  0  0
   -1.9751    1.4711   -3.6532 H    0  0  0  0  0  0  0  0  0  0  0  0
   -2.0900    3.9107   -3.9866 H    0  0  0  0  0  0  0  0  0  0  0  0
   -1.5056    5.4485   -2.1323 H    0  0  0  0  0  0  0  0  0  0  0  0
   -0.8009    4.5190    0.0537 H    0  0  0  0  0  0  0  0  0  0  0  0
   -0.6858    2.0780    0.3837 H    0  0  0  0  0  0  0  0  0  0  0  0
  1  2  2  0
  2  3  1  0
  3  4  2  0
  4  5  1  0
  5  6  2  0
  6  7  1  0
  7  8  2  0
  2  9  1  0
  9 10  2  0
 10 11  1  0
 11 12  2  0
 12 13  1  0
 13 14  2  0
 14 15  1  0
 15 16  1  0
 16 17  2  0
 16 18  1  0
 18 19  1  0
 19 20  1  0
 20 21  2  0
 21 22  1  0
 22 23  2  0
 23 24  1  0
 24 25  2  0
 18 26  1  0
 26 27  1  0
 27 28  2  0
 28 29  1  0
 29 30  2  0
 30 31  1  0
 31 32  2  0
  8  3  1  0
 14  9  1  0
 25 20  1  0
 32 27  1  0
  4 33  1  0
  5 34  1  0
  6 35  1  0
  7 36  1  0
  8 37  1  0
 10 38  1  0
 11 39  1  0
 12 40  1  0
 13 41  1  0
 15 42  1  0
 19 43  1  0
 19 44  1  0
 21 45  1  0
 22 46  1  0
 23 47  1  0
 24 48  1  0
 25 49  1  0
 26 50  1  0
 26 51  1  0
 28 52  1  0
 29 53  1  0
 30 54  1  0
 31 55  1  0
 32 56  1  0
M  END
