
     RDKit          2D

 56 59  0  0  0  0  0  0  0  0999 V2000
    2.1717    2.1937    0.5486 O    0  0  0  0  0  0  0  0  0  0  0  0
    2.6660    1.2188   -0.0528 C    0  0  0  0  0  0  0  0  0  0  0  0
    2.8749    1.2518   -1.5146 C    0  0  0  0  0  0  0  0  0  0  0  0
    2.6522    2.4499   -2.2057 C    0  0  0  0  0  0  0  0  0  0  0  0
    2.8292    2.5069   -3.5797 C    0  0  0  0  0  0  0  0  0  0  0  0
    3.2242    1.3659   -4.2789 C    0  0  0  0  0  0  0  0  0  0  0  0
    3.4423    0.1702   -3.6005 C    0  0  0  0  0  0  0  0  0  0  0  0
    3.2714    0.1116   -2.2216 C    0  0  0  0  0  0  0  0  0  0  0  0
    3.0939    0.0141    0.7246 C    0  0  0  0  0  0  0  0  0  0  0  0
    4.4476   -0.1978    0.9830 C    0  0  0  0  0  0  0  0  0  0  0  0
    4.8559   -1.2820    1.7501 C    0  0  0  0  0  0  0  0  0  0  0  0
    3.9019   -2.1536    2.2672 C    0  0  0  0  0  0  0  0  0  0  0  0
    2.5472   -1.9288    2.0536 C    0  0  0  0  0  0  0  0  0  0  0  0
    2.1324   -0.8307    1.2994 C    0  0  0  0  0  0  0  0  0  0  0  0
    0.7647   -0.5013    1.1204 N    0  0  0  0  0  0  0  0  0  0  0  0
   -0.2665   -1.4063    0.9942 C    0  0  0  0  0  0  0  0  0  0  0  0
   -0.0842   -2.6488    1.0779 O    0  0  0  0  0  0  0  0  0  0  0  0
   -1.5072   -0.8690    0.7679 N    0  0  0  0  0  0  0  0  0  0  0  0
   -2.6681   -1.7707    0.7076 C    0  0  0  0  0  0  0  0  0  0  0  0
   -3.1173   -2.0741   -0.7051 C    0  0  0  0  0  0  0  0  0  0  0  0
   -4.3748   -1.6733   -1.1561 C    0  0  0  0  0  0  0  0  0  0  0  0
   -4.7860   -1.9537   -2.4585 C    0  0  0  0  0  0  0  0  0  0  0  0
   -3.9387   -2.6380   -3.3229 C    0  0  0  0  0  0  0  0  0  0  0  0
   -2.6801   -3.0443   -2.8795 C    0  0  0  0  0  0  0  0  0  0  0  0
   -2.2726   -2.7651   -1.5803 C    0  0  0  0  0  0  0  0  0  0  0  0
   -1.7255    0.5457    0.4680 C    0  0  0  0  0  0  0  0  0  0  0  0
   -1.7237    1.4655    1.6775 C    0  0  0  0  0  0  0  0  0  0  0  0
   -1.4818    2.8298    1.4999 C    0  0  0  0  0  0  0  0  0  0  0  0
   -1.5178    3.7021    2.5830 C    0  0  0  0  0  0  0  0  0  0  0  0
   -1.7914    3.2185    3.8600 C    0  0  0  0  0  0  0  0  0  0  0  0
   -2.0240    1.8589    4.0458 C    0  0  0  0  0  0  0  0  0  0  0  0
   -1.9897    0.9871    2.9605 C    0  0  0  0  0  0  0  0  0  0  0  0
    2.3451    3.3220   -1.6482 H    0  0  0  0  0  0  0  0  0  0  0  0
    2.6616    3.4342   -4.1079 H    0  0  0  0  0  0  0  0  0  0  0  0
    3.3606    1.4105   -5.3500 H    0  0  0  0  0  0  0  0  0  0  0  0
    3.7439   -0.7137   -4.1430 H    0  0  0  0  0  0  0  0  0  0  0  0
    3.4379   -0.8169   -1.6964 H    0  0  0  0  0  0  0  0  0  0  0  0
    5.1801    0.4783    0.5647 H    0  0  0  0  0  0  0  0  0  0  0  0
    5.9066   -1.4451    1.9396 H    0  0  0  0  0  0  0  0  0  0  0  0
    4.2096   -3.0052    2.8567 H    0  0  0  0  0  0  0  0  0  0  0  0
    1.8066   -2.5947    2.4601 H    0  0  0  0  0  0  0  0  0  0  0  0
    0.5477    0.4814    1.1679 H    0  0  0  0  0  0  0  0  0  0  0  0
   -2.3856   -2.6865    1.2185 H    0  0  0  0  0  0  0  0  0  0  0  0
   -3.4840   -1.3100    1.2641 H    0  0  0  0  0  0  0  0  0  0  0  0
   -5.0375   -1.1423   -0.4850 H    0  0  0  0  0  0  0  0  0  0  0  0
   -5.7635   -1.6367   -2.7943 H    0  0  0  0  0  0  0  0  0  0  0  0
   -4.2544   -2.8566   -4.3333 H    0  0  0  0  0  0  0  0  0  0  0  0
   -2.0202   -3.5821   -3.5457 H    0  0  0  0  0  0  0  0  0  0  0  0
   -1.3023   -3.0883   -1.2294 H    0  0  0  0  0  0  0  0  0  0  0  0
   -2.6887    0.6132   -0.0373 H    0  0  0  0  0  0  0  0  0  0  0  0
   -0.9898    0.8894   -0.2617 H    0  0  0  0  0  0  0  0  0  0  0  0
   -1.2551    3.2085    0.5118 H    0  0  0  0  0  0  0  0  0  0  0  0
   -1.3228    4.7543    2.4317 H    0  0  0  0  0  0  0  0  0  0  0  0
   -1.8144    3.8941    4.7032 H    0  0  0  0  0  0  0  0  0  0  0  0
   -2.2281    1.4747    5.0353 H    0  0  0  0  0  0  0  0  0  0  0  0
   -2.1574   -0.0697    3.1114 H    0  0  0  0  0  0  0  0  0  0  0  0
  1  2  2  0
  2  3  1  0
  3  4  2  0
  4  5  1  0
  5  6  2  0
  6  7  1  0
  7  8  2  0
  2  9  1  0
  9 10  2  0
 10 11  1  0
 11 12  2  0
 12 13  1  0
 13 14  2  0
 14 15  1  0
 15 16  1  0
 16 17  2  0
 16 18  1  0
 18 19  1  0
 19 20  1  0
 20 21  2  0
 21 22  1  0
 22 23  2  0
 23 24  1  0
 24 25  2  0
 18 26  1  0
 26 27  1  0
 27 28  2  0
 28 29  1  0
 29 30  2  0
 30 31  1  0
 31 32  2  0
  8  3  1  0
 14  9  1  0
 25 20  1  0
 32 27  1  0
  4 33  1  0
  5 34  1  0
  6 35  1  0
  7 36  1  0
  8 37  1  0
 10 38  1  0
 11 39  1  0
 12 40  1  0
 13 41  1  0
 15 42  1  0
 19 43  1  0
 19 44  1  0
 21 45  1  0
 22 46  1  0
 23 47  1  0
 24 48  1  0
 25 49  1  0
 26 50  1  0
 26 51  1  0
 28 52  1  0
 29 53  1  0
 30 54  1  0
 31 55  1  0
 32 56  1  0
M  END
