
     RDKit          2D

 56 59  0  0  0  0  0  0  0  0999 V2000
    3.8852    1.9176    0.4092 O    0  0  0  0  0  0  0  0  0  0  0  0
    3.1972    0.9204    0.1118 C    0  0  0  0  0  0  0  0  0  0  0  0
    2.3495    0.9506   -1.1075 C    0  0  0  0  0  0  0  0  0  0  0  0
    1.9859    2.1933   -1.6373 C    0  0  0  0  0  0  0  0  0  0  0  0
    1.2246    2.2659   -2.7968 C    0  0  0  0  0  0  0  0  0  0  0  0
    0.8331    1.0963   -3.4461 C    0  0  0  0  0  0  0  0  0  0  0  0
    1.2070   -0.1444   -2.9342 C    0  0  0  0  0  0  0  0  0  0  0  0
    1.9591   -0.2190   -1.7677 C    0  0  0  0  0  0  0  0  0  0  0  0
    3.3109   -0.3134    0.9413 C    0  0  0  0  0  0  0  0  0  0  0  0
    4.6045   -0.6946    1.3156 C    0  0  0  0  0  0  0  0  0  0  0  0
    4.8269   -1.8499    2.0474 C    0  0  0  0  0  0  0  0  0  0  0  0
    3.7392   -2.6253    2.4415 C    0  0  0  0  0  0  0  0  0  0  0  0
    2.4437   -2.2356    2.1305 C    0  0  0  0  0  0  0  0  0  0  0  0
    2.2146   -1.0767    1.3839 C    0  0  0  0  0  0  0  0  0  0  0  0
    0.8998   -0.6100    1.1338 N    0  0  0  0  0  0  0  0  0  0  0  0
   -0.2024   -1.4052    0.8972 C    0  0  0  0  0  0  0  0  0  0  0  0
   -0.1561   -2.6595    0.9813 O    0  0  0  0  0  0  0  0  0  0  0  0
   -1.3568   -0.7452    0.5654 N    0  0  0  0  0  0  0  0  0  0  0  0
   -2.6002   -1.5223    0.4386 C    0  0  0  0  0  0  0  0  0  0  0  0
   -2.9730   -1.8318   -0.9948 C    0  0  0  0  0  0  0  0  0  0  0  0
   -4.1422   -1.3170   -1.5544 C    0  0  0  0  0  0  0  0  0  0  0  0
   -4.4862   -1.6051   -2.8745 C    0  0  0  0  0  0  0  0  0  0  0  0
   -3.6597   -2.4128   -3.6478 C    0  0  0  0  0  0  0  0  0  0  0  0
   -2.4896   -2.9339   -3.0954 C    0  0  0  0  0  0  0  0  0  0  0  0
   -2.1487   -2.6463   -1.7788 C    0  0  0  0  0  0  0  0  0  0  0  0
   -1.4039    0.6727    0.2104 C    0  0  0  0  0  0  0  0  0  0  0  0
   -1.4289    1.6333    1.3877 C    0  0  0  0  0  0  0  0  0  0  0  0
   -1.1486    2.9850    1.1680 C    0  0  0  0  0  0  0  0  0  0  0  0
   -1.1971    3.8977    2.2162 C    0  0  0  0  0  0  0  0  0  0  0  0
   -1.5234    3.4688    3.5012 C    0  0  0  0  0  0  0  0  0  0  0  0
   -1.7977    2.1239    3.7282 C    0  0  0  0  0  0  0  0  0  0  0  0
   -1.7504    1.2107    2.6770 C    0  0  0  0  0  0  0  0  0  0  0  0
    2.3089    3.0897   -1.1294 H    0  0  0  0  0  0  0  0  0  0  0  0
    0.9408    3.2288   -3.1963 H    0  0  0  0  0  0  0  0  0  0  0  0
    0.2420    1.1509   -4.3490 H    0  0  0  0  0  0  0  0  0  0  0  0
    0.9107   -1.0509   -3.4410 H    0  0  0  0  0  0  0  0  0  0  0  0
    2.2488   -1.1828   -1.3759 H    0  0  0  0  0  0  0  0  0  0  0  0
    5.4315   -0.0749    1.0023 H    0  0  0  0  0  0  0  0  0  0  0  0
    5.8330   -2.1422    2.3089 H    0  0  0  0  0  0  0  0  0  0  0  0
    3.8955   -3.5280    3.0144 H    0  0  0  0  0  0  0  0  0  0  0  0
    1.6014   -2.8198    2.4553 H    0  0  0  0  0  0  0  0  0  0  0  0
    0.7666    0.3864    1.1609 H    0  0  0  0  0  0  0  0  0  0  0  0
   -2.4592   -2.4425    0.9978 H    0  0  0  0  0  0  0  0  0  0  0  0
   -3.4005   -0.9558    0.9145 H    0  0  0  0  0  0  0  0  0  0  0  0
   -4.7895   -0.6906   -0.9542 H    0  0  0  0  0  0  0  0  0  0  0  0
   -5.3958   -1.1991   -3.2945 H    0  0  0  0  0  0  0  0  0  0  0  0
   -3.9241   -2.6389   -4.6712 H    0  0  0  0  0  0  0  0  0  0  0  0
   -1.8481   -3.5696   -3.6898 H    0  0  0  0  0  0  0  0  0  0  0  0
   -1.2490   -3.0576   -1.3430 H    0  0  0  0  0  0  0  0  0  0  0  0
   -2.3018    0.8148   -0.3907 H    0  0  0  0  0  0  0  0  0  0  0  0
   -0.5723    0.9159   -0.4528 H    0  0  0  0  0  0  0  0  0  0  0  0
   -0.8894    3.3220    0.1724 H    0  0  0  0  0  0  0  0  0  0  0  0
   -0.9754    4.9395    2.0327 H    0  0  0  0  0  0  0  0  0  0  0  0
   -1.5573    4.1761    4.3174 H    0  0  0  0  0  0  0  0  0  0  0  0
   -2.0458    1.7823    4.7232 H    0  0  0  0  0  0  0  0  0  0  0  0
   -1.9551    0.1654    2.8598 H    0  0  0  0  0  0  0  0  0  0  0  0
  1  2  2  0
  2  3  1  0
  3  4  2  0
  4  5  1  0
  5  6  2  0
  6  7  1  0
  7  8  2  0
  2  9  1  0
  9 10  2  0
 10 11  1  0
 11 12  2  0
 12 13  1  0
 13 14  2  0
 14 15  1  0
 15 16  1  0
 16 17  2  0
 16 18  1  0
 18 19  1  0
 19 20  1  0
 20 21  2  0
 21 22  1  0
 22 23  2  0
 23 24  1  0
 24 25  2  0
 18 26  1  0
 26 27  1  0
 27 28  2  0
 28 29  1  0
 29 30  2  0
 30 31  1  0
 31 32  2  0
  8  3  1  0
 14  9  1  0
 25 20  1  0
 32 27  1  0
  4 33  1  0
  5 34  1  0
  6 35  1  0
  7 36  1  0
  8 37  1  0
 10 38  1  0
 11 39  1  0
 12 40  1  0
 13 41  1  0
 15 42  1  0
 19 43  1  0
 19 44  1  0
 21 45  1  0
 22 46  1  0
 23 47  1  0
 24 48  1  0
 25 49  1  0
 26 50  1  0
 26 51  1  0
 28 52  1  0
 29 53  1  0
 30 54  1  0
 31 55  1  0
 32 56  1  0
M  END
