
     RDKit          2D

 56 59  0  0  0  0  0  0  0  0999 V2000
    4.3659   -0.6731   -2.1628 O    0  0  0  0  0  0  0  0  0  0  0  0
    3.6408   -0.3212   -1.2106 C    0  0  0  0  0  0  0  0  0  0  0  0
    2.8979    0.9619   -1.3289 C    0  0  0  0  0  0  0  0  0  0  0  0
    2.8055    1.8489   -0.2493 C    0  0  0  0  0  0  0  0  0  0  0  0
    2.2037    3.0919   -0.4176 C    0  0  0  0  0  0  0  0  0  0  0  0
    1.6836    3.4527   -1.6574 C    0  0  0  0  0  0  0  0  0  0  0  0
    1.7770    2.5748   -2.7362 C    0  0  0  0  0  0  0  0  0  0  0  0
    2.3921    1.3398   -2.5763 C    0  0  0  0  0  0  0  0  0  0  0  0
    3.6574   -1.1144    0.0490 C    0  0  0  0  0  0  0  0  0  0  0  0
    4.8500   -1.8066    0.3056 C    0  0  0  0  0  0  0  0  0  0  0  0
    4.9959   -2.6250    1.4111 C    0  0  0  0  0  0  0  0  0  0  0  0
    3.9202   -2.7814    2.2810 C    0  0  0  0  0  0  0  0  0  0  0  0
    2.7152   -2.1431    2.0307 C    0  0  0  0  0  0  0  0  0  0  0  0
    2.5534   -1.3248    0.9074 C    0  0  0  0  0  0  0  0  0  0  0  0
    1.2867   -0.7490    0.6355 N    0  0  0  0  0  0  0  0  0  0  0  0
    0.0699   -1.3650    0.8687 C    0  0  0  0  0  0  0  0  0  0  0  0
   -0.0139   -2.4961    1.4108 O    0  0  0  0  0  0  0  0  0  0  0  0
   -1.0533   -0.6762    0.4875 N    0  0  0  0  0  0  0  0  0  0  0  0
   -2.3686   -1.2432    0.8292 C    0  0  0  0  0  0  0  0  0  0  0  0
   -3.0519   -1.9077   -0.3453 C    0  0  0  0  0  0  0  0  0  0  0  0
   -4.2660   -1.4238   -0.8323 C    0  0  0  0  0  0  0  0  0  0  0  0
   -4.8965   -2.0417   -1.9114 C    0  0  0  0  0  0  0  0  0  0  0  0
   -4.3137   -3.1506   -2.5153 C    0  0  0  0  0  0  0  0  0  0  0  0
   -3.0999   -3.6413   -2.0344 C    0  0  0  0  0  0  0  0  0  0  0  0
   -2.4740   -3.0251   -0.9571 C    0  0  0  0  0  0  0  0  0  0  0  0
   -1.0824    0.5612   -0.2888 C    0  0  0  0  0  0  0  0  0  0  0  0
   -1.3226    1.8141    0.5339 C    0  0  0  0  0  0  0  0  0  0  0  0
   -1.8815    2.9368   -0.0811 C    0  0  0  0  0  0  0  0  0  0  0  0
   -2.0812    4.1126    0.6348 C    0  0  0  0  0  0  0  0  0  0  0  0
   -1.7308    4.1780    1.9818 C    0  0  0  0  0  0  0  0  0  0  0  0
   -1.1835    3.0600    2.6041 C    0  0  0  0  0  0  0  0  0  0  0  0
   -0.9806    1.8848    1.8836 C    0  0  0  0  0  0  0  0  0  0  0  0
    3.2248    1.5794    0.7104 H    0  0  0  0  0  0  0  0  0  0  0  0
    2.1420    3.7756    0.4161 H    0  0  0  0  0  0  0  0  0  0  0  0
    1.2101    4.4155   -1.7831 H    0  0  0  0  0  0  0  0  0  0  0  0
    1.3785    2.8566   -3.6999 H    0  0  0  0  0  0  0  0  0  0  0  0
    2.4933    0.6610   -3.4100 H    0  0  0  0  0  0  0  0  0  0  0  0
    5.6650   -1.6726   -0.3890 H    0  0  0  0  0  0  0  0  0  0  0  0
    5.9304   -3.1348    1.5919 H    0  0  0  0  0  0  0  0  0  0  0  0
    4.0137   -3.4083    3.1561 H    0  0  0  0  0  0  0  0  0  0  0  0
    1.8735   -2.3035    2.6794 H    0  0  0  0  0  0  0  0  0  0  0  0
    1.2869    0.1502    0.1894 H    0  0  0  0  0  0  0  0  0  0  0  0
   -2.2115   -1.9590    1.6299 H    0  0  0  0  0  0  0  0  0  0  0  0
   -2.9911   -0.4352    1.2139 H    0  0  0  0  0  0  0  0  0  0  0  0
   -4.7218   -0.5612   -0.3636 H    0  0  0  0  0  0  0  0  0  0  0  0
   -5.8374   -1.6558   -2.2780 H    0  0  0  0  0  0  0  0  0  0  0  0
   -4.7998   -3.6316   -3.3523 H    0  0  0  0  0  0  0  0  0  0  0  0
   -2.6455   -4.5064   -2.4967 H    0  0  0  0  0  0  0  0  0  0  0  0
   -1.5393   -3.4110   -0.5745 H    0  0  0  0  0  0  0  0  0  0  0  0
   -1.8784    0.4617   -1.0282 H    0  0  0  0  0  0  0  0  0  0  0  0
   -0.1697    0.6617   -0.8756 H    0  0  0  0  0  0  0  0  0  0  0  0
   -2.1634    2.8885   -1.1251 H    0  0  0  0  0  0  0  0  0  0  0  0
   -2.5164    4.9727    0.1458 H    0  0  0  0  0  0  0  0  0  0  0  0
   -1.8899    5.0887    2.5413 H    0  0  0  0  0  0  0  0  0  0  0  0
   -0.9165    3.0993    3.6507 H    0  0  0  0  0  0  0  0  0  0  0  0
   -0.5636    1.0179    2.3760 H    0  0  0  0  0  0  0  0  0  0  0  0
  1  2  2  0
  2  3  1  0
  3  4  2  0
  4  5  1  0
  5  6  2  0
  6  7  1  0
  7  8  2  0
  2  9  1  0
  9 10  2  0
 10 11  1  0
 11 12  2  0
 12 13  1  0
 13 14  2  0
 14 15  1  0
 15 16  1  0
 16 17  2  0
 16 18  1  0
 18 19  1  0
 19 20  1  0
 20 21  2  0
 21 22  1  0
 22 23  2  0
 23 24  1  0
 24 25  2  0
 18 26  1  0
 26 27  1  0
 27 28  2  0
 28 29  1  0
 29 30  2  0
 30 31  1  0
 31 32  2  0
  8  3  1  0
 14  9  1  0
 25 20  1  0
 32 27  1  0
  4 33  1  0
  5 34  1  0
  6 35  1  0
  7 36  1  0
  8 37  1  0
 10 38  1  0
 11 39  1  0
 12 40  1  0
 13 41  1  0
 15 42  1  0
 19 43  1  0
 19 44  1  0
 21 45  1  0
 22 46  1  0
 23 47  1  0
 24 48  1  0
 25 49  1  0
 26 50  1  0
 26 51  1  0
 28 52  1  0
 29 53  1  0
 30 54  1  0
 31 55  1  0
 32 56  1  0
M  END
