
     RDKit          2D

 56 59  0  0  0  0  0  0  0  0999 V2000
    2.2375    2.4342    0.8325 O    0  0  0  0  0  0  0  0  0  0  0  0
    2.5782    1.3843    0.2540 C    0  0  0  0  0  0  0  0  0  0  0  0
    2.6234    1.3051   -1.2212 C    0  0  0  0  0  0  0  0  0  0  0  0
    2.3542    2.4567   -1.9718 C    0  0  0  0  0  0  0  0  0  0  0  0
    2.3827    2.4099   -3.3574 C    0  0  0  0  0  0  0  0  0  0  0  0
    2.6763    1.2110   -4.0078 C    0  0  0  0  0  0  0  0  0  0  0  0
    2.9423    0.0616   -3.2691 C    0  0  0  0  0  0  0  0  0  0  0  0
    2.9184    0.1065   -1.8794 C    0  0  0  0  0  0  0  0  0  0  0  0
    2.9669    0.1832    1.0617 C    0  0  0  0  0  0  0  0  0  0  0  0
    4.3060   -0.0320    1.3826 C    0  0  0  0  0  0  0  0  0  0  0  0
    4.6771   -1.1359    2.1410 C    0  0  0  0  0  0  0  0  0  0  0  0
    3.7010   -2.0224    2.5867 C    0  0  0  0  0  0  0  0  0  0  0  0
    2.3594   -1.7993    2.3013 C    0  0  0  0  0  0  0  0  0  0  0  0
    1.9830   -0.6890    1.5452 C    0  0  0  0  0  0  0  0  0  0  0  0
    0.6250   -0.3759    1.2722 N    0  0  0  0  0  0  0  0  0  0  0  0
   -0.3681   -1.2971    1.0167 C    0  0  0  0  0  0  0  0  0  0  0  0
   -0.1593   -2.5371    1.0590 O    0  0  0  0  0  0  0  0  0  0  0  0
   -1.5992   -0.7778    0.7095 N    0  0  0  0  0  0  0  0  0  0  0  0
   -2.7274   -1.7016    0.5174 C    0  0  0  0  0  0  0  0  0  0  0  0
   -3.0576   -1.9541   -0.9377 C    0  0  0  0  0  0  0  0  0  0  0  0
   -4.3057   -1.6088   -1.4555 C    0  0  0  0  0  0  0  0  0  0  0  0
   -4.6112   -1.8476   -2.7948 C    0  0  0  0  0  0  0  0  0  0  0  0
   -3.6661   -2.4332   -3.6298 C    0  0  0  0  0  0  0  0  0  0  0  0
   -2.4157   -2.7827   -3.1198 C    0  0  0  0  0  0  0  0  0  0  0  0
   -2.1137   -2.5458   -1.7839 C    0  0  0  0  0  0  0  0  0  0  0  0
   -1.8242    0.6429    0.4409 C    0  0  0  0  0  0  0  0  0  0  0  0
   -1.9064    1.5246    1.6757 C    0  0  0  0  0  0  0  0  0  0  0  0
   -1.6230    2.8880    1.5656 C    0  0  0  0  0  0  0  0  0  0  0  0
   -1.7325    3.7257    2.6712 C    0  0  0  0  0  0  0  0  0  0  0  0
   -2.1229    3.2077    3.9033 C    0  0  0  0  0  0  0  0  0  0  0  0
   -2.3980    1.8482    4.0226 C    0  0  0  0  0  0  0  0  0  0  0  0
   -2.2899    1.0114    2.9152 C    0  0  0  0  0  0  0  0  0  0  0  0
    2.1285    3.3752   -1.4510 H    0  0  0  0  0  0  0  0  0  0  0  0
    2.1780    3.3013   -3.9323 H    0  0  0  0  0  0  0  0  0  0  0  0
    2.6973    1.1746   -5.0877 H    0  0  0  0  0  0  0  0  0  0  0  0
    3.1675   -0.8668   -3.7730 H    0  0  0  0  0  0  0  0  0  0  0  0
    3.1253   -0.7856   -1.3074 H    0  0  0  0  0  0  0  0  0  0  0  0
    5.0565    0.6577    1.0224 H    0  0  0  0  0  0  0  0  0  0  0  0
    5.7173   -1.3027    2.3791 H    0  0  0  0  0  0  0  0  0  0  0  0
    3.9807   -2.8861    3.1725 H    0  0  0  0  0  0  0  0  0  0  0  0
    1.6011   -2.4795    2.6477 H    0  0  0  0  0  0  0  0  0  0  0  0
    0.3709    0.5944    1.3643 H    0  0  0  0  0  0  0  0  0  0  0  0
   -2.4620   -2.6326    1.0100 H    0  0  0  0  0  0  0  0  0  0  0  0
   -3.5970   -1.2858    1.0260 H    0  0  0  0  0  0  0  0  0  0  0  0
   -5.0438   -1.1534   -0.8082 H    0  0  0  0  0  0  0  0  0  0  0  0
   -5.5829   -1.5745   -3.1820 H    0  0  0  0  0  0  0  0  0  0  0  0
   -3.8996   -2.6191   -4.6686 H    0  0  0  0  0  0  0  0  0  0  0  0
   -1.6795   -3.2437   -3.7633 H    0  0  0  0  0  0  0  0  0  0  0  0
   -1.1500   -2.8278   -1.3831 H    0  0  0  0  0  0  0  0  0  0  0  0
   -2.7581    0.7106   -0.1163 H    0  0  0  0  0  0  0  0  0  0  0  0
   -1.0532    1.0205   -0.2336 H    0  0  0  0  0  0  0  0  0  0  0  0
   -1.3071    3.2936    0.6132 H    0  0  0  0  0  0  0  0  0  0  0  0
   -1.5038    4.7773    2.5727 H    0  0  0  0  0  0  0  0  0  0  0  0
   -2.2030    3.8559    4.7642 H    0  0  0  0  0  0  0  0  0  0  0  0
   -2.6930    1.4374    4.9779 H    0  0  0  0  0  0  0  0  0  0  0  0
   -2.4905   -0.0458    3.0159 H    0  0  0  0  0  0  0  0  0  0  0  0
  1  2  2  0
  2  3  1  0
  3  4  2  0
  4  5  1  0
  5  6  2  0
  6  7  1  0
  7  8  2  0
  2  9  1  0
  9 10  2  0
 10 11  1  0
 11 12  2  0
 12 13  1  0
 13 14  2  0
 14 15  1  0
 15 16  1  0
 16 17  2  0
 16 18  1  0
 18 19  1  0
 19 20  1  0
 20 21  2  0
 21 22  1  0
 22 23  2  0
 23 24  1  0
 24 25  2  0
 18 26  1  0
 26 27  1  0
 27 28  2  0
 28 29  1  0
 29 30  2  0
 30 31  1  0
 31 32  2  0
  8  3  1  0
 14  9  1  0
 25 20  1  0
 32 27  1  0
  4 33  1  0
  5 34  1  0
  6 35  1  0
  7 36  1  0
  8 37  1  0
 10 38  1  0
 11 39  1  0
 12 40  1  0
 13 41  1  0
 15 42  1  0
 19 43  1  0
 19 44  1  0
 21 45  1  0
 22 46  1  0
 23 47  1  0
 24 48  1  0
 25 49  1  0
 26 50  1  0
 26 51  1  0
 28 52  1  0
 29 53  1  0
 30 54  1  0
 31 55  1  0
 32 56  1  0
M  END
