
     RDKit          2D

 56 59  0  0  0  0  0  0  0  0999 V2000
    1.4747    1.9513    0.0879 O    0  0  0  0  0  0  0  0  0  0  0  0
    2.4333    1.2819   -0.3680 C    0  0  0  0  0  0  0  0  0  0  0  0
    3.0978    1.7163   -1.6175 C    0  0  0  0  0  0  0  0  0  0  0  0
    2.9597    3.0504   -2.0195 C    0  0  0  0  0  0  0  0  0  0  0  0
    3.5372    3.4890   -3.2021 C    0  0  0  0  0  0  0  0  0  0  0  0
    4.2453    2.5951   -4.0048 C    0  0  0  0  0  0  0  0  0  0  0  0
    4.3739    1.2634   -3.6204 C    0  0  0  0  0  0  0  0  0  0  0  0
    3.8075    0.8239   -2.4287 C    0  0  0  0  0  0  0  0  0  0  0  0
    2.9238    0.0924    0.3668 C    0  0  0  0  0  0  0  0  0  0  0  0
    4.2992   -0.0713    0.5698 C    0  0  0  0  0  0  0  0  0  0  0  0
    4.7919   -1.1386    1.3046 C    0  0  0  0  0  0  0  0  0  0  0  0
    3.8991   -2.0616    1.8425 C    0  0  0  0  0  0  0  0  0  0  0  0
    2.5285   -1.8984    1.6934 C    0  0  0  0  0  0  0  0  0  0  0  0
    2.0215   -0.8035    0.9874 C    0  0  0  0  0  0  0  0  0  0  0  0
    0.6421   -0.5348    0.8981 N    0  0  0  0  0  0  0  0  0  0  0  0
   -0.3820   -1.4517    0.9861 C    0  0  0  0  0  0  0  0  0  0  0  0
   -0.1825   -2.6757    1.2041 O    0  0  0  0  0  0  0  0  0  0  0  0
   -1.6465   -0.9487    0.8181 N    0  0  0  0  0  0  0  0  0  0  0  0
   -2.7944   -1.8534    0.9866 C    0  0  0  0  0  0  0  0  0  0  0  0
   -3.3891   -2.3151   -0.3257 C    0  0  0  0  0  0  0  0  0  0  0  0
   -4.6987   -1.9830   -0.6721 C    0  0  0  0  0  0  0  0  0  0  0  0
   -5.2457   -2.4129   -1.8804 C    0  0  0  0  0  0  0  0  0  0  0  0
   -4.4835   -3.1795   -2.7550 C    0  0  0  0  0  0  0  0  0  0  0  0
   -3.1733   -3.5173   -2.4159 C    0  0  0  0  0  0  0  0  0  0  0  0
   -2.6304   -3.0890   -1.2102 C    0  0  0  0  0  0  0  0  0  0  0  0
   -1.9288    0.4275    0.4168 C    0  0  0  0  0  0  0  0  0  0  0  0
   -1.9619    1.4358    1.5533 C    0  0  0  0  0  0  0  0  0  0  0  0
   -2.0102    2.7986    1.2476 C    0  0  0  0  0  0  0  0  0  0  0  0
   -2.0732    3.7495    2.2594 C    0  0  0  0  0  0  0  0  0  0  0  0
   -2.0848    3.3498    3.5947 C    0  0  0  0  0  0  0  0  0  0  0  0
   -2.0301    1.9956    3.9063 C    0  0  0  0  0  0  0  0  0  0  0  0
   -1.9683    1.0434    2.8903 C    0  0  0  0  0  0  0  0  0  0  0  0
    2.3993    3.7271   -1.3922 H    0  0  0  0  0  0  0  0  0  0  0  0
    3.4363    4.5222   -3.5007 H    0  0  0  0  0  0  0  0  0  0  0  0
    4.6918    2.9358   -4.9280 H    0  0  0  0  0  0  0  0  0  0  0  0
    4.9114    0.5676   -4.2478 H    0  0  0  0  0  0  0  0  0  0  0  0
    3.8997   -0.2122   -2.1406 H    0  0  0  0  0  0  0  0  0  0  0  0
    4.9822    0.6469    0.1409 H    0  0  0  0  0  0  0  0  0  0  0  0
    5.8554   -1.2502    1.4544 H    0  0  0  0  0  0  0  0  0  0  0  0
    4.2688   -2.9070    2.4050 H    0  0  0  0  0  0  0  0  0  0  0  0
    1.8395   -2.6029    2.1229 H    0  0  0  0  0  0  0  0  0  0  0  0
    0.4274    0.4462    0.7865 H    0  0  0  0  0  0  0  0  0  0  0  0
   -2.4463   -2.7054    1.5631 H    0  0  0  0  0  0  0  0  0  0  0  0
   -3.5516   -1.3339    1.5736 H    0  0  0  0  0  0  0  0  0  0  0  0
   -5.2948   -1.3878    0.0074 H    0  0  0  0  0  0  0  0  0  0  0  0
   -6.2621   -2.1476   -2.1356 H    0  0  0  0  0  0  0  0  0  0  0  0
   -4.9046   -3.5140   -3.6925 H    0  0  0  0  0  0  0  0  0  0  0  0
   -2.5786   -4.1181   -3.0897 H    0  0  0  0  0  0  0  0  0  0  0  0
   -1.6191   -3.3593   -0.9393 H    0  0  0  0  0  0  0  0  0  0  0  0
   -2.8971    0.4164   -0.0840 H    0  0  0  0  0  0  0  0  0  0  0  0
   -1.2169    0.7487   -0.3452 H    0  0  0  0  0  0  0  0  0  0  0  0
   -1.9889    3.1147    0.2126 H    0  0  0  0  0  0  0  0  0  0  0  0
   -2.1058    4.8002    2.0081 H    0  0  0  0  0  0  0  0  0  0  0  0
   -2.1300    4.0882    4.3825 H    0  0  0  0  0  0  0  0  0  0  0  0
   -2.0316    1.6767    4.9391 H    0  0  0  0  0  0  0  0  0  0  0  0
   -1.9162   -0.0069    3.1390 H    0  0  0  0  0  0  0  0  0  0  0  0
  1  2  2  0
  2  3  1  0
  3  4  2  0
  4  5  1  0
  5  6  2  0
  6  7  1  0
  7  8  2  0
  2  9  1  0
  9 10  2  0
 10 11  1  0
 11 12  2  0
 12 13  1  0
 13 14  2  0
 14 15  1  0
 15 16  1  0
 16 17  2  0
 16 18  1  0
 18 19  1  0
 19 20  1  0
 20 21  2  0
 21 22  1  0
 22 23  2  0
 23 24  1  0
 24 25  2  0
 18 26  1  0
 26 27  1  0
 27 28  2  0
 28 29  1  0
 29 30  2  0
 30 31  1  0
 31 32  2  0
  8  3  1  0
 14  9  1  0
 25 20  1  0
 32 27  1  0
  4 33  1  0
  5 34  1  0
  6 35  1  0
  7 36  1  0
  8 37  1  0
 10 38  1  0
 11 39  1  0
 12 40  1  0
 13 41  1  0
 15 42  1  0
 19 43  1  0
 19 44  1  0
 21 45  1  0
 22 46  1  0
 23 47  1  0
 24 48  1  0
 25 49  1  0
 26 50  1  0
 26 51  1  0
 28 52  1  0
 29 53  1  0
 30 54  1  0
 31 55  1  0
 32 56  1  0
M  END
