
     RDKit          2D

 56 59  0  0  0  0  0  0  0  0999 V2000
    1.9430    1.6480   -1.3502 O    0  0  0  0  0  0  0  0  0  0  0  0
    2.8837    1.6282   -0.5189 C    0  0  0  0  0  0  0  0  0  0  0  0
    3.6123    2.8826   -0.2199 C    0  0  0  0  0  0  0  0  0  0  0  0
    4.2644    3.0900    1.0007 C    0  0  0  0  0  0  0  0  0  0  0  0
    4.8884    4.3052    1.2609 C    0  0  0  0  0  0  0  0  0  0  0  0
    4.8755    5.3157    0.3036 C    0  0  0  0  0  0  0  0  0  0  0  0
    4.2236    5.1170   -0.9128 C    0  0  0  0  0  0  0  0  0  0  0  0
    3.5875    3.9109   -1.1692 C    0  0  0  0  0  0  0  0  0  0  0  0
    3.2846    0.3550    0.1222 C    0  0  0  0  0  0  0  0  0  0  0  0
    4.6471    0.0604    0.2595 C    0  0  0  0  0  0  0  0  0  0  0  0
    5.0733   -1.1462    0.7905 C    0  0  0  0  0  0  0  0  0  0  0  0
    4.1224   -2.0759    1.2023 C    0  0  0  0  0  0  0  0  0  0  0  0
    2.7660   -1.8264    1.0488 C    0  0  0  0  0  0  0  0  0  0  0  0
    2.3261   -0.6274    0.4765 C    0  0  0  0  0  0  0  0  0  0  0  0
    0.9702   -0.3686    0.2140 N    0  0  0  0  0  0  0  0  0  0  0  0
   -0.1206   -1.0191    0.7513 C    0  0  0  0  0  0  0  0  0  0  0  0
   -0.0188   -1.8944    1.6501 O    0  0  0  0  0  0  0  0  0  0  0  0
   -1.3409   -0.6487    0.2476 N    0  0  0  0  0  0  0  0  0  0  0  0
   -2.5560   -1.2137    0.8549 C    0  0  0  0  0  0  0  0  0  0  0  0
   -3.1878   -2.3052    0.0195 C    0  0  0  0  0  0  0  0  0  0  0  0
   -4.4675   -2.1471   -0.5121 C    0  0  0  0  0  0  0  0  0  0  0  0
   -5.0496   -3.1565   -1.2778 C    0  0  0  0  0  0  0  0  0  0  0  0
   -4.3525   -4.3350   -1.5200 C    0  0  0  0  0  0  0  0  0  0  0  0
   -3.0726   -4.5021   -0.9914 C    0  0  0  0  0  0  0  0  0  0  0  0
   -2.4949   -3.4951   -0.2271 C    0  0  0  0  0  0  0  0  0  0  0  0
   -1.5228    0.2545   -0.8858 C    0  0  0  0  0  0  0  0  0  0  0  0
   -1.5813    1.7309   -0.5295 C    0  0  0  0  0  0  0  0  0  0  0  0
   -1.6588    2.6714   -1.5605 C    0  0  0  0  0  0  0  0  0  0  0  0
   -1.7333    4.0295   -1.2761 C    0  0  0  0  0  0  0  0  0  0  0  0
   -1.7298    4.4681    0.0472 C    0  0  0  0  0  0  0  0  0  0  0  0
   -1.6489    3.5383    1.0777 C    0  0  0  0  0  0  0  0  0  0  0  0
   -1.5747    2.1760    0.7904 C    0  0  0  0  0  0  0  0  0  0  0  0
    4.2656    2.3146    1.7516 H    0  0  0  0  0  0  0  0  0  0  0  0
    5.3802    4.4635    2.2095 H    0  0  0  0  0  0  0  0  0  0  0  0
    5.3668    6.2568    0.5056 H    0  0  0  0  0  0  0  0  0  0  0  0
    4.2099    5.9020   -1.6548 H    0  0  0  0  0  0  0  0  0  0  0  0
    3.0648    3.7473   -2.0994 H    0  0  0  0  0  0  0  0  0  0  0  0
    5.3744    0.7914   -0.0605 H    0  0  0  0  0  0  0  0  0  0  0  0
    6.1279   -1.3578    0.8836 H    0  0  0  0  0  0  0  0  0  0  0  0
    4.4361   -3.0160    1.6335 H    0  0  0  0  0  0  0  0  0  0  0  0
    2.0361   -2.5487    1.3652 H    0  0  0  0  0  0  0  0  0  0  0  0
    0.8213    0.3834   -0.4446 H    0  0  0  0  0  0  0  0  0  0  0  0
   -2.2746   -1.5995    1.8301 H    0  0  0  0  0  0  0  0  0  0  0  0
   -3.2688   -0.4025    1.0045 H    0  0  0  0  0  0  0  0  0  0  0  0
   -5.0129   -1.2313   -0.3241 H    0  0  0  0  0  0  0  0  0  0  0  0
   -6.0422   -3.0196   -1.6835 H    0  0  0  0  0  0  0  0  0  0  0  0
   -4.8009   -5.1193   -2.1134 H    0  0  0  0  0  0  0  0  0  0  0  0
   -2.5288   -5.4187   -1.1721 H    0  0  0  0  0  0  0  0  0  0  0  0
   -1.5075   -3.6270    0.1933 H    0  0  0  0  0  0  0  0  0  0  0  0
   -2.4545   -0.0354   -1.3727 H    0  0  0  0  0  0  0  0  0  0  0  0
   -0.7463    0.0791   -1.6316 H    0  0  0  0  0  0  0  0  0  0  0  0
   -1.6525    2.3370   -2.5900 H    0  0  0  0  0  0  0  0  0  0  0  0
   -1.7888    4.7455   -2.0839 H    0  0  0  0  0  0  0  0  0  0  0  0
   -1.7848    5.5242    0.2699 H    0  0  0  0  0  0  0  0  0  0  0  0
   -1.6406    3.8690    2.1068 H    0  0  0  0  0  0  0  0  0  0  0  0
   -1.5054    1.4594    1.5961 H    0  0  0  0  0  0  0  0  0  0  0  0
  1  2  2  0
  2  3  1  0
  3  4  2  0
  4  5  1  0
  5  6  2  0
  6  7  1  0
  7  8  2  0
  2  9  1  0
  9 10  2  0
 10 11  1  0
 11 12  2  0
 12 13  1  0
 13 14  2  0
 14 15  1  0
 15 16  1  0
 16 17  2  0
 16 18  1  0
 18 19  1  0
 19 20  1  0
 20 21  2  0
 21 22  1  0
 22 23  2  0
 23 24  1  0
 24 25  2  0
 18 26  1  0
 26 27  1  0
 27 28  2  0
 28 29  1  0
 29 30  2  0
 30 31  1  0
 31 32  2  0
  8  3  1  0
 14  9  1  0
 25 20  1  0
 32 27  1  0
  4 33  1  0
  5 34  1  0
  6 35  1  0
  7 36  1  0
  8 37  1  0
 10 38  1  0
 11 39  1  0
 12 40  1  0
 13 41  1  0
 15 42  1  0
 19 43  1  0
 19 44  1  0
 21 45  1  0
 22 46  1  0
 23 47  1  0
 24 48  1  0
 25 49  1  0
 26 50  1  0
 26 51  1  0
 28 52  1  0
 29 53  1  0
 30 54  1  0
 31 55  1  0
 32 56  1  0
M  END
