
     RDKit          2D

 56 59  0  0  0  0  0  0  0  0999 V2000
    2.2172    1.5154   -1.5762 O    0  0  0  0  0  0  0  0  0  0  0  0
    2.8771    1.5370   -0.5135 C    0  0  0  0  0  0  0  0  0  0  0  0
    3.3269    2.8195    0.0651 C    0  0  0  0  0  0  0  0  0  0  0  0
    3.8274    2.9039    1.3691 C    0  0  0  0  0  0  0  0  0  0  0  0
    4.2155    4.1339    1.8888 C    0  0  0  0  0  0  0  0  0  0  0  0
    4.1122    5.2833    1.1104 C    0  0  0  0  0  0  0  0  0  0  0  0
    3.6105    5.2064   -0.1890 C    0  0  0  0  0  0  0  0  0  0  0  0
    3.2150    3.9825   -0.7071 C    0  0  0  0  0  0  0  0  0  0  0  0
    3.2647    0.2501    0.1309 C    0  0  0  0  0  0  0  0  0  0  0  0
    4.6191   -0.0663    0.2564 C    0  0  0  0  0  0  0  0  0  0  0  0
    5.0194   -1.2983    0.7551 C    0  0  0  0  0  0  0  0  0  0  0  0
    4.0516   -2.2249    1.1308 C    0  0  0  0  0  0  0  0  0  0  0  0
    2.6997   -1.9466    0.9743 C    0  0  0  0  0  0  0  0  0  0  0  0
    2.2912   -0.7209    0.4417 C    0  0  0  0  0  0  0  0  0  0  0  0
    0.9397   -0.4259    0.1649 N    0  0  0  0  0  0  0  0  0  0  0  0
   -0.1635   -0.9979    0.7616 C    0  0  0  0  0  0  0  0  0  0  0  0
   -0.0710   -1.7997    1.7270 O    0  0  0  0  0  0  0  0  0  0  0  0
   -1.3781   -0.6332    0.2399 N    0  0  0  0  0  0  0  0  0  0  0  0
   -2.6031   -1.1097    0.9001 C    0  0  0  0  0  0  0  0  0  0  0  0
   -3.2812   -2.2388    0.1559 C    0  0  0  0  0  0  0  0  0  0  0  0
   -4.5665   -2.0812   -0.3623 C    0  0  0  0  0  0  0  0  0  0  0  0
   -5.1912   -3.1242   -1.0448 C    0  0  0  0  0  0  0  0  0  0  0  0
   -4.5319   -4.3364   -1.2165 C    0  0  0  0  0  0  0  0  0  0  0  0
   -3.2468   -4.5031   -0.7003 C    0  0  0  0  0  0  0  0  0  0  0  0
   -2.6266   -3.4625   -0.0189 C    0  0  0  0  0  0  0  0  0  0  0  0
   -1.5357    0.1696   -0.9706 C    0  0  0  0  0  0  0  0  0  0  0  0
   -1.4572    1.6735   -0.7623 C    0  0  0  0  0  0  0  0  0  0  0  0
   -1.3978    2.5096   -1.8806 C    0  0  0  0  0  0  0  0  0  0  0  0
   -1.3528    3.8906   -1.7306 C    0  0  0  0  0  0  0  0  0  0  0  0
   -1.3621    4.4560   -0.4566 C    0  0  0  0  0  0  0  0  0  0  0  0
   -1.4150    3.6299    0.6607 C    0  0  0  0  0  0  0  0  0  0  0  0
   -1.4622    2.2451    0.5085 C    0  0  0  0  0  0  0  0  0  0  0  0
    3.8997    2.0154    1.9779 H    0  0  0  0  0  0  0  0  0  0  0  0
    4.5950    4.1951    2.8982 H    0  0  0  0  0  0  0  0  0  0  0  0
    4.4182    6.2376    1.5148 H    0  0  0  0  0  0  0  0  0  0  0  0
    3.5281    6.0994   -0.7912 H    0  0  0  0  0  0  0  0  0  0  0  0
    2.8154    3.9046   -1.7069 H    0  0  0  0  0  0  0  0  0  0  0  0
    5.3592    0.6677   -0.0292 H    0  0  0  0  0  0  0  0  0  0  0  0
    6.0698   -1.5300    0.8508 H    0  0  0  0  0  0  0  0  0  0  0  0
    4.3471   -3.1828    1.5343 H    0  0  0  0  0  0  0  0  0  0  0  0
    1.9547   -2.6665    1.2614 H    0  0  0  0  0  0  0  0  0  0  0  0
    0.7983    0.2841   -0.5358 H    0  0  0  0  0  0  0  0  0  0  0  0
   -2.3210   -1.4309    1.8984 H    0  0  0  0  0  0  0  0  0  0  0  0
   -3.2878   -0.2669    0.9966 H    0  0  0  0  0  0  0  0  0  0  0  0
   -5.0824   -1.1391   -0.2295 H    0  0  0  0  0  0  0  0  0  0  0  0
   -6.1875   -2.9872   -1.4414 H    0  0  0  0  0  0  0  0  0  0  0  0
   -5.0132   -5.1466   -1.7457 H    0  0  0  0  0  0  0  0  0  0  0  0
   -2.7321   -5.4453   -0.8261 H    0  0  0  0  0  0  0  0  0  0  0  0
   -1.6352   -3.5939    0.3921 H    0  0  0  0  0  0  0  0  0  0  0  0
   -2.5081   -0.0858   -1.3920 H    0  0  0  0  0  0  0  0  0  0  0  0
   -0.8080   -0.1428   -1.7217 H    0  0  0  0  0  0  0  0  0  0  0  0
   -1.3786    2.0752   -2.8718 H    0  0  0  0  0  0  0  0  0  0  0  0
   -1.3038    4.5246   -2.6047 H    0  0  0  0  0  0  0  0  0  0  0  0
   -1.3227    5.5295   -0.3382 H    0  0  0  0  0  0  0  0  0  0  0  0
   -1.4160    4.0593    1.6526 H    0  0  0  0  0  0  0  0  0  0  0  0
   -1.4951    1.6083    1.3809 H    0  0  0  0  0  0  0  0  0  0  0  0
  1  2  2  0
  2  3  1  0
  3  4  2  0
  4  5  1  0
  5  6  2  0
  6  7  1  0
  7  8  2  0
  2  9  1  0
  9 10  2  0
 10 11  1  0
 11 12  2  0
 12 13  1  0
 13 14  2  0
 14 15  1  0
 15 16  1  0
 16 17  2  0
 16 18  1  0
 18 19  1  0
 19 20  1  0
 20 21  2  0
 21 22  1  0
 22 23  2  0
 23 24  1  0
 24 25  2  0
 18 26  1  0
 26 27  1  0
 27 28  2  0
 28 29  1  0
 29 30  2  0
 30 31  1  0
 31 32  2  0
  8  3  1  0
 14  9  1  0
 25 20  1  0
 32 27  1  0
  4 33  1  0
  5 34  1  0
  6 35  1  0
  7 36  1  0
  8 37  1  0
 10 38  1  0
 11 39  1  0
 12 40  1  0
 13 41  1  0
 15 42  1  0
 19 43  1  0
 19 44  1  0
 21 45  1  0
 22 46  1  0
 23 47  1  0
 24 48  1  0
 25 49  1  0
 26 50  1  0
 26 51  1  0
 28 52  1  0
 29 53  1  0
 30 54  1  0
 31 55  1  0
 32 56  1  0
M  END
