
     RDKit          2D

 56 59  0  0  0  0  0  0  0  0999 V2000
    3.5858   -0.5298   -2.4277 O    0  0  0  0  0  0  0  0  0  0  0  0
    3.3410   -0.0998   -1.2854 C    0  0  0  0  0  0  0  0  0  0  0  0
    2.8898    1.2999   -1.0924 C    0  0  0  0  0  0  0  0  0  0  0  0
    2.9868    1.9354    0.1513 C    0  0  0  0  0  0  0  0  0  0  0  0
    2.5976    3.2635    0.2886 C    0  0  0  0  0  0  0  0  0  0  0  0
    2.1071    3.9623   -0.8102 C    0  0  0  0  0  0  0  0  0  0  0  0
    2.0127    3.3366   -2.0534 C    0  0  0  0  0  0  0  0  0  0  0  0
    2.4070    2.0145   -2.1958 C    0  0  0  0  0  0  0  0  0  0  0  0
    3.5514   -0.9905   -0.1045 C    0  0  0  0  0  0  0  0  0  0  0  0
    4.8299   -1.5243    0.0675 C    0  0  0  0  0  0  0  0  0  0  0  0
    5.1111   -2.3853    1.1187 C    0  0  0  0  0  0  0  0  0  0  0  0
    4.0942   -2.7279    2.0034 C    0  0  0  0  0  0  0  0  0  0  0  0
    2.8124   -2.2160    1.8448 C    0  0  0  0  0  0  0  0  0  0  0  0
    2.5231   -1.3462    0.7898 C    0  0  0  0  0  0  0  0  0  0  0  0
    1.2210   -0.8183    0.5937 N    0  0  0  0  0  0  0  0  0  0  0  0
    0.0345   -1.4393    0.9329 C    0  0  0  0  0  0  0  0  0  0  0  0
   -0.0010   -2.5011    1.6052 O    0  0  0  0  0  0  0  0  0  0  0  0
   -1.1161   -0.8263    0.5062 N    0  0  0  0  0  0  0  0  0  0  0  0
   -2.4070   -1.3457    0.9863 C    0  0  0  0  0  0  0  0  0  0  0  0
   -3.1321   -2.1862   -0.0415 C    0  0  0  0  0  0  0  0  0  0  0  0
   -4.3730   -1.7892   -0.5397 C    0  0  0  0  0  0  0  0  0  0  0  0
   -5.0431   -2.5678   -1.4823 C    0  0  0  0  0  0  0  0  0  0  0  0
   -4.4736   -3.7523   -1.9369 C    0  0  0  0  0  0  0  0  0  0  0  0
   -3.2333   -4.1568   -1.4436 C    0  0  0  0  0  0  0  0  0  0  0  0
   -2.5676   -3.3802   -0.5024 C    0  0  0  0  0  0  0  0  0  0  0  0
   -1.1820    0.2561   -0.4721 C    0  0  0  0  0  0  0  0  0  0  0  0
   -1.3589    1.6421    0.1235 C    0  0  0  0  0  0  0  0  0  0  0  0
   -1.7649    2.6903   -0.7071 C    0  0  0  0  0  0  0  0  0  0  0  0
   -1.9249    3.9750   -0.2007 C    0  0  0  0  0  0  0  0  0  0  0  0
   -1.6858    4.2291    1.1488 C    0  0  0  0  0  0  0  0  0  0  0  0
   -1.2873    3.1897    1.9826 C    0  0  0  0  0  0  0  0  0  0  0  0
   -1.1243    1.9030    1.4722 C    0  0  0  0  0  0  0  0  0  0  0  0
    3.3813    1.3996    1.0028 H    0  0  0  0  0  0  0  0  0  0  0  0
    2.6779    3.7505    1.2491 H    0  0  0  0  0  0  0  0  0  0  0  0
    1.7982    4.9916   -0.6998 H    0  0  0  0  0  0  0  0  0  0  0  0
    1.6338    3.8813   -2.9056 H    0  0  0  0  0  0  0  0  0  0  0  0
    2.3524    1.5176   -3.1528 H    0  0  0  0  0  0  0  0  0  0  0  0
    5.6016   -1.2567   -0.6399 H    0  0  0  0  0  0  0  0  0  0  0  0
    6.1063   -2.7863    1.2410 H    0  0  0  0  0  0  0  0  0  0  0  0
    4.2940   -3.3983    2.8270 H    0  0  0  0  0  0  0  0  0  0  0  0
    2.0215   -2.5023    2.5136 H    0  0  0  0  0  0  0  0  0  0  0  0
    1.1705    0.0865    0.1577 H    0  0  0  0  0  0  0  0  0  0  0  0
   -2.2047   -1.9311    1.8780 H    0  0  0  0  0  0  0  0  0  0  0  0
   -3.0253   -0.4947    1.2727 H    0  0  0  0  0  0  0  0  0  0  0  0
   -4.8186   -0.8678   -0.1873 H    0  0  0  0  0  0  0  0  0  0  0  0
   -6.0042   -2.2476   -1.8597 H    0  0  0  0  0  0  0  0  0  0  0  0
   -4.9903   -4.3579   -2.6680 H    0  0  0  0  0  0  0  0  0  0  0  0
   -2.7887   -5.0792   -1.7901 H    0  0  0  0  0  0  0  0  0  0  0  0
   -1.6112   -3.6964   -0.1098 H    0  0  0  0  0  0  0  0  0  0  0  0
   -2.0220    0.0431   -1.1349 H    0  0  0  0  0  0  0  0  0  0  0  0
   -0.3019    0.2272   -1.1150 H    0  0  0  0  0  0  0  0  0  0  0  0
   -1.9599    2.4970   -1.7542 H    0  0  0  0  0  0  0  0  0  0  0  0
   -2.2417    4.7751   -0.8548 H    0  0  0  0  0  0  0  0  0  0  0  0
   -1.8153    5.2260    1.5455 H    0  0  0  0  0  0  0  0  0  0  0  0
   -1.1057    3.3760    3.0318 H    0  0  0  0  0  0  0  0  0  0  0  0
   -0.8231    1.0980    2.1271 H    0  0  0  0  0  0  0  0  0  0  0  0
  1  2  2  0
  2  3  1  0
  3  4  2  0
  4  5  1  0
  5  6  2  0
  6  7  1  0
  7  8  2  0
  2  9  1  0
  9 10  2  0
 10 11  1  0
 11 12  2  0
 12 13  1  0
 13 14  2  0
 14 15  1  0
 15 16  1  0
 16 17  2  0
 16 18  1  0
 18 19  1  0
 19 20  1  0
 20 21  2  0
 21 22  1  0
 22 23  2  0
 23 24  1  0
 24 25  2  0
 18 26  1  0
 26 27  1  0
 27 28  2  0
 28 29  1  0
 29 30  2  0
 30 31  1  0
 31 32  2  0
  8  3  1  0
 14  9  1  0
 25 20  1  0
 32 27  1  0
  4 33  1  0
  5 34  1  0
  6 35  1  0
  7 36  1  0
  8 37  1  0
 10 38  1  0
 11 39  1  0
 12 40  1  0
 13 41  1  0
 15 42  1  0
 19 43  1  0
 19 44  1  0
 21 45  1  0
 22 46  1  0
 23 47  1  0
 24 48  1  0
 25 49  1  0
 26 50  1  0
 26 51  1  0
 28 52  1  0
 29 53  1  0
 30 54  1  0
 31 55  1  0
 32 56  1  0
M  END
