
     RDKit          2D

 56 59  0  0  0  0  0  0  0  0999 V2000
    1.5707    2.3315    0.0084 O    0  0  0  0  0  0  0  0  0  0  0  0
    2.7474    1.8863    0.0660 C    0  0  0  0  0  0  0  0  0  0  0  0
    3.7718    2.5113   -0.8088 C    0  0  0  0  0  0  0  0  0  0  0  0
    3.6534    3.8757   -1.0952 C    0  0  0  0  0  0  0  0  0  0  0  0
    4.5540    4.4934   -1.9520 C    0  0  0  0  0  0  0  0  0  0  0  0
    5.5680    3.7487   -2.5517 C    0  0  0  0  0  0  0  0  0  0  0  0
    5.6780    2.3857   -2.2906 C    0  0  0  0  0  0  0  0  0  0  0  0
    4.7888    1.7680   -1.4176 C    0  0  0  0  0  0  0  0  0  0  0  0
    3.0955    0.7797    0.9753 C    0  0  0  0  0  0  0  0  0  0  0  0
    4.4098    0.6676    1.4572 C    0  0  0  0  0  0  0  0  0  0  0  0
    4.7842   -0.3560    2.3088 C    0  0  0  0  0  0  0  0  0  0  0  0
    3.8342   -1.3028    2.6869 C    0  0  0  0  0  0  0  0  0  0  0  0
    2.5209   -1.2088    2.2538 C    0  0  0  0  0  0  0  0  0  0  0  0
    2.1219   -0.1590    1.4161 C    0  0  0  0  0  0  0  0  0  0  0  0
    0.7917    0.0143    1.0117 N    0  0  0  0  0  0  0  0  0  0  0  0
   -0.2214   -0.9211    1.0328 C    0  0  0  0  0  0  0  0  0  0  0  0
   -0.0759   -2.0816    1.4989 O    0  0  0  0  0  0  0  0  0  0  0  0
   -1.4180   -0.5066    0.5075 N    0  0  0  0  0  0  0  0  0  0  0  0
   -2.5728   -1.4154    0.5794 C    0  0  0  0  0  0  0  0  0  0  0  0
   -2.8648   -2.1117   -0.7316 C    0  0  0  0  0  0  0  0  0  0  0  0
   -4.0648   -1.8887   -1.4066 C    0  0  0  0  0  0  0  0  0  0  0  0
   -4.3328   -2.5334   -2.6135 C    0  0  0  0  0  0  0  0  0  0  0  0
   -3.3982   -3.4079   -3.1569 C    0  0  0  0  0  0  0  0  0  0  0  0
   -2.1960   -3.6378   -2.4879 C    0  0  0  0  0  0  0  0  0  0  0  0
   -1.9315   -2.9953   -1.2841 C    0  0  0  0  0  0  0  0  0  0  0  0
   -1.6206    0.7712   -0.1711 C    0  0  0  0  0  0  0  0  0  0  0  0
   -2.0026    1.9276    0.7376 C    0  0  0  0  0  0  0  0  0  0  0  0
   -2.1430    3.2028    0.1825 C    0  0  0  0  0  0  0  0  0  0  0  0
   -2.5095    4.2838    0.9751 C    0  0  0  0  0  0  0  0  0  0  0  0
   -2.7398    4.1052    2.3385 C    0  0  0  0  0  0  0  0  0  0  0  0
   -2.5977    2.8404    2.8980 C    0  0  0  0  0  0  0  0  0  0  0  0
   -2.2304    1.7567    2.1012 C    0  0  0  0  0  0  0  0  0  0  0  0
    2.8520    4.4374   -0.6392 H    0  0  0  0  0  0  0  0  0  0  0  0
    4.4644    5.5504   -2.1563 H    0  0  0  0  0  0  0  0  0  0  0  0
    6.2654    4.2278   -3.2239 H    0  0  0  0  0  0  0  0  0  0  0  0
    6.4524    1.8030   -2.7677 H    0  0  0  0  0  0  0  0  0  0  0  0
    4.8708    0.7079   -1.2305 H    0  0  0  0  0  0  0  0  0  0  0  0
    5.1372    1.4088    1.1658 H    0  0  0  0  0  0  0  0  0  0  0  0
    5.7983   -0.4169    2.6741 H    0  0  0  0  0  0  0  0  0  0  0  0
    4.1121   -2.1154    3.3430 H    0  0  0  0  0  0  0  0  0  0  0  0
    1.7866   -1.9325    2.5562 H    0  0  0  0  0  0  0  0  0  0  0  0
    0.6034    0.9499    0.6695 H    0  0  0  0  0  0  0  0  0  0  0  0
   -2.3577   -2.1447    1.3547 H    0  0  0  0  0  0  0  0  0  0  0  0
   -3.4406   -0.8346    0.8920 H    0  0  0  0  0  0  0  0  0  0  0  0
   -4.7945   -1.2094   -0.9854 H    0  0  0  0  0  0  0  0  0  0  0  0
   -5.2670   -2.3503   -3.1255 H    0  0  0  0  0  0  0  0  0  0  0  0
   -3.6027   -3.9089   -4.0926 H    0  0  0  0  0  0  0  0  0  0  0  0
   -1.4686   -4.3211   -2.9034 H    0  0  0  0  0  0  0  0  0  0  0  0
   -1.0054   -3.1804   -0.7578 H    0  0  0  0  0  0  0  0  0  0  0  0
   -2.4096    0.6159   -0.9076 H    0  0  0  0  0  0  0  0  0  0  0  0
   -0.7354    1.0322   -0.7522 H    0  0  0  0  0  0  0  0  0  0  0  0
   -1.9569    3.3485   -0.8738 H    0  0  0  0  0  0  0  0  0  0  0  0
   -2.6114    5.2647    0.5325 H    0  0  0  0  0  0  0  0  0  0  0  0
   -3.0230    4.9453    2.9565 H    0  0  0  0  0  0  0  0  0  0  0  0
   -2.7695    2.6928    3.9549 H    0  0  0  0  0  0  0  0  0  0  0  0
   -2.1166    0.7775    2.5436 H    0  0  0  0  0  0  0  0  0  0  0  0
  1  2  2  0
  2  3  1  0
  3  4  2  0
  4  5  1  0
  5  6  2  0
  6  7  1  0
  7  8  2  0
  2  9  1  0
  9 10  2  0
 10 11  1  0
 11 12  2  0
 12 13  1  0
 13 14  2  0
 14 15  1  0
 15 16  1  0
 16 17  2  0
 16 18  1  0
 18 19  1  0
 19 20  1  0
 20 21  2  0
 21 22  1  0
 22 23  2  0
 23 24  1  0
 24 25  2  0
 18 26  1  0
 26 27  1  0
 27 28  2  0
 28 29  1  0
 29 30  2  0
 30 31  1  0
 31 32  2  0
  8  3  1  0
 14  9  1  0
 25 20  1  0
 32 27  1  0
  4 33  1  0
  5 34  1  0
  6 35  1  0
  7 36  1  0
  8 37  1  0
 10 38  1  0
 11 39  1  0
 12 40  1  0
 13 41  1  0
 15 42  1  0
 19 43  1  0
 19 44  1  0
 21 45  1  0
 22 46  1  0
 23 47  1  0
 24 48  1  0
 25 49  1  0
 26 50  1  0
 26 51  1  0
 28 52  1  0
 29 53  1  0
 30 54  1  0
 31 55  1  0
 32 56  1  0
M  END
