
     RDKit          2D

 56 59  0  0  0  0  0  0  0  0999 V2000
    1.6358    1.9895   -0.4258 O    0  0  0  0  0  0  0  0  0  0  0  0
    2.8247    1.7201   -0.1087 C    0  0  0  0  0  0  0  0  0  0  0  0
    3.8826    2.6264   -0.6497 C    0  0  0  0  0  0  0  0  0  0  0  0
    4.6813    3.4137    0.1836 C    0  0  0  0  0  0  0  0  0  0  0  0
    5.5883    4.3140   -0.3664 C    0  0  0  0  0  0  0  0  0  0  0  0
    5.7125    4.4266   -1.7482 C    0  0  0  0  0  0  0  0  0  0  0  0
    4.9124    3.6495   -2.5818 C    0  0  0  0  0  0  0  0  0  0  0  0
    3.9913    2.7632   -2.0355 C    0  0  0  0  0  0  0  0  0  0  0  0
    3.1546    0.5852    0.7648 C    0  0  0  0  0  0  0  0  0  0  0  0
    4.4791    0.4143    1.2088 C    0  0  0  0  0  0  0  0  0  0  0  0
    4.8388   -0.6129    2.0587 C    0  0  0  0  0  0  0  0  0  0  0  0
    3.8608   -1.5092    2.4876 C    0  0  0  0  0  0  0  0  0  0  0  0
    2.5449   -1.3777    2.0789 C    0  0  0  0  0  0  0  0  0  0  0  0
    2.1613   -0.3322    1.2251 C    0  0  0  0  0  0  0  0  0  0  0  0
    0.8379   -0.1527    0.8155 N    0  0  0  0  0  0  0  0  0  0  0  0
   -0.2355   -1.0007    1.0062 C    0  0  0  0  0  0  0  0  0  0  0  0
   -0.1592   -2.0785    1.6521 O    0  0  0  0  0  0  0  0  0  0  0  0
   -1.4150   -0.5929    0.4388 N    0  0  0  0  0  0  0  0  0  0  0  0
   -2.6229   -1.4020    0.6652 C    0  0  0  0  0  0  0  0  0  0  0  0
   -3.0013   -2.2509   -0.5286 C    0  0  0  0  0  0  0  0  0  0  0  0
   -4.2164   -2.0579   -1.1854 C    0  0  0  0  0  0  0  0  0  0  0  0
   -4.5649   -2.8446   -2.2826 C    0  0  0  0  0  0  0  0  0  0  0  0
   -3.6963   -3.8321   -2.7341 C    0  0  0  0  0  0  0  0  0  0  0  0
   -2.4794   -4.0327   -2.0824 C    0  0  0  0  0  0  0  0  0  0  0  0
   -2.1350   -3.2487   -0.9877 C    0  0  0  0  0  0  0  0  0  0  0  0
   -1.5623    0.5891   -0.4075 C    0  0  0  0  0  0  0  0  0  0  0  0
   -1.8663    1.8774    0.3388 C    0  0  0  0  0  0  0  0  0  0  0  0
   -1.9760    3.0668   -0.3872 C    0  0  0  0  0  0  0  0  0  0  0  0
   -2.2702    4.2637    0.2542 C    0  0  0  0  0  0  0  0  0  0  0  0
   -2.4586    4.2892    1.6354 C    0  0  0  0  0  0  0  0  0  0  0  0
   -2.3472    3.1106    2.3643 C    0  0  0  0  0  0  0  0  0  0  0  0
   -2.0519    1.9104    1.7189 C    0  0  0  0  0  0  0  0  0  0  0  0
    4.5810    3.3421    1.2570 H    0  0  0  0  0  0  0  0  0  0  0  0
    6.1938    4.9279    0.2846 H    0  0  0  0  0  0  0  0  0  0  0  0
    6.4227    5.1213   -2.1730 H    0  0  0  0  0  0  0  0  0  0  0  0
    4.9992    3.7389   -3.6550 H    0  0  0  0  0  0  0  0  0  0  0  0
    3.3547    2.1748   -2.6805 H    0  0  0  0  0  0  0  0  0  0  0  0
    5.2396    1.0885    0.8518 H    0  0  0  0  0  0  0  0  0  0  0  0
    5.8642   -0.7207    2.3784 H    0  0  0  0  0  0  0  0  0  0  0  0
    4.1244   -2.3215    3.1501 H    0  0  0  0  0  0  0  0  0  0  0  0
    1.7929   -2.0698    2.4091 H    0  0  0  0  0  0  0  0  0  0  0  0
    0.7023    0.7171    0.3073 H    0  0  0  0  0  0  0  0  0  0  0  0
   -2.4292   -2.0300    1.5295 H    0  0  0  0  0  0  0  0  0  0  0  0
   -3.4412   -0.7263    0.9141 H    0  0  0  0  0  0  0  0  0  0  0  0
   -4.8947   -1.2903   -0.8360 H    0  0  0  0  0  0  0  0  0  0  0  0
   -5.5100   -2.6832   -2.7818 H    0  0  0  0  0  0  0  0  0  0  0  0
   -3.9632   -4.4431   -3.5848 H    0  0  0  0  0  0  0  0  0  0  0  0
   -1.8031   -4.8030   -2.4258 H    0  0  0  0  0  0  0  0  0  0  0  0
   -1.1975   -3.4112   -0.4739 H    0  0  0  0  0  0  0  0  0  0  0  0
   -2.3725    0.3775   -1.1059 H    0  0  0  0  0  0  0  0  0  0  0  0
   -0.6772    0.7202   -1.0303 H    0  0  0  0  0  0  0  0  0  0  0  0
   -1.8217    3.0543   -1.4585 H    0  0  0  0  0  0  0  0  0  0  0  0
   -2.3481    5.1762   -0.3201 H    0  0  0  0  0  0  0  0  0  0  0  0
   -2.6859    5.2198    2.1357 H    0  0  0  0  0  0  0  0  0  0  0  0
   -2.4875    3.1208    3.4361 H    0  0  0  0  0  0  0  0  0  0  0  0
   -1.9628    0.9992    2.2927 H    0  0  0  0  0  0  0  0  0  0  0  0
  1  2  2  0
  2  3  1  0
  3  4  2  0
  4  5  1  0
  5  6  2  0
  6  7  1  0
  7  8  2  0
  2  9  1  0
  9 10  2  0
 10 11  1  0
 11 12  2  0
 12 13  1  0
 13 14  2  0
 14 15  1  0
 15 16  1  0
 16 17  2  0
 16 18  1  0
 18 19  1  0
 19 20  1  0
 20 21  2  0
 21 22  1  0
 22 23  2  0
 23 24  1  0
 24 25  2  0
 18 26  1  0
 26 27  1  0
 27 28  2  0
 28 29  1  0
 29 30  2  0
 30 31  1  0
 31 32  2  0
  8  3  1  0
 14  9  1  0
 25 20  1  0
 32 27  1  0
  4 33  1  0
  5 34  1  0
  6 35  1  0
  7 36  1  0
  8 37  1  0
 10 38  1  0
 11 39  1  0
 12 40  1  0
 13 41  1  0
 15 42  1  0
 19 43  1  0
 19 44  1  0
 21 45  1  0
 22 46  1  0
 23 47  1  0
 24 48  1  0
 25 49  1  0
 26 50  1  0
 26 51  1  0
 28 52  1  0
 29 53  1  0
 30 54  1  0
 31 55  1  0
 32 56  1  0
M  END
