
     RDKit          2D

 56 59  0  0  0  0  0  0  0  0999 V2000
    1.5950    2.4694    0.2252 O    0  0  0  0  0  0  0  0  0  0  0  0
    2.7316    1.9350    0.1628 C    0  0  0  0  0  0  0  0  0  0  0  0
    3.7138    2.4613   -0.8150 C    0  0  0  0  0  0  0  0  0  0  0  0
    3.6038    3.7988   -1.2129 C    0  0  0  0  0  0  0  0  0  0  0  0
    4.4732    4.3226   -2.1592 C    0  0  0  0  0  0  0  0  0  0  0  0
    5.4490    3.5096   -2.7338 C    0  0  0  0  0  0  0  0  0  0  0  0
    5.5521    2.1730   -2.3584 C    0  0  0  0  0  0  0  0  0  0  0  0
    4.6928    1.6495   -1.3984 C    0  0  0  0  0  0  0  0  0  0  0  0
    3.0873    0.8211    1.0657 C    0  0  0  0  0  0  0  0  0  0  0  0
    4.3912    0.7345    1.5739 C    0  0  0  0  0  0  0  0  0  0  0  0
    4.7584   -0.2765    2.4459 C    0  0  0  0  0  0  0  0  0  0  0  0
    3.8116   -1.2291    2.8153 C    0  0  0  0  0  0  0  0  0  0  0  0
    2.5037   -1.1500    2.3595 C    0  0  0  0  0  0  0  0  0  0  0  0
    2.1125   -0.1101    1.5086 C    0  0  0  0  0  0  0  0  0  0  0  0
    0.7822    0.0653    1.0942 N    0  0  0  0  0  0  0  0  0  0  0  0
   -0.2136   -0.8869    1.0629 C    0  0  0  0  0  0  0  0  0  0  0  0
   -0.0511   -2.0618    1.4856 O    0  0  0  0  0  0  0  0  0  0  0  0
   -1.4105   -0.4741    0.5369 N    0  0  0  0  0  0  0  0  0  0  0  0
   -2.5515   -1.4026    0.5641 C    0  0  0  0  0  0  0  0  0  0  0  0
   -2.8110   -2.0677   -0.7698 C    0  0  0  0  0  0  0  0  0  0  0  0
   -4.0028   -1.8437   -1.4589 C    0  0  0  0  0  0  0  0  0  0  0  0
   -4.2409   -2.4592   -2.6872 C    0  0  0  0  0  0  0  0  0  0  0  0
   -3.2846   -3.3052   -3.2378 C    0  0  0  0  0  0  0  0  0  0  0  0
   -2.0907   -3.5362   -2.5545 C    0  0  0  0  0  0  0  0  0  0  0  0
   -1.8558   -2.9229   -1.3295 C    0  0  0  0  0  0  0  0  0  0  0  0
   -1.6201    0.8193   -0.1090 C    0  0  0  0  0  0  0  0  0  0  0  0
   -2.0230    1.9473    0.8260 C    0  0  0  0  0  0  0  0  0  0  0  0
   -2.1552    3.2386    0.3072 C    0  0  0  0  0  0  0  0  0  0  0  0
   -2.5415    4.2940    1.1244 C    0  0  0  0  0  0  0  0  0  0  0  0
   -2.7996    4.0734    2.4766 C    0  0  0  0  0  0  0  0  0  0  0  0
   -2.6653    2.7925    3.0003 C    0  0  0  0  0  0  0  0  0  0  0  0
   -2.2784    1.7345    2.1787 C    0  0  0  0  0  0  0  0  0  0  0  0
    2.8337    4.4121   -0.7700 H    0  0  0  0  0  0  0  0  0  0  0  0
    4.3906    5.3593   -2.4515 H    0  0  0  0  0  0  0  0  0  0  0  0
    6.1229    3.9157   -3.4745 H    0  0  0  0  0  0  0  0  0  0  0  0
    6.2978    1.5380   -2.8140 H    0  0  0  0  0  0  0  0  0  0  0  0
    4.7687    0.6090   -1.1213 H    0  0  0  0  0  0  0  0  0  0  0  0
    5.1174    1.4771    1.2801 H    0  0  0  0  0  0  0  0  0  0  0  0
    5.7657   -0.3230    2.8317 H    0  0  0  0  0  0  0  0  0  0  0  0
    4.0857   -2.0327    3.4840 H    0  0  0  0  0  0  0  0  0  0  0  0
    1.7697   -1.8761    2.6577 H    0  0  0  0  0  0  0  0  0  0  0  0
    0.5758    1.0152    0.8118 H    0  0  0  0  0  0  0  0  0  0  0  0
   -2.3375   -2.1494    1.3229 H    0  0  0  0  0  0  0  0  0  0  0  0
   -3.4335   -0.8441    0.8774 H    0  0  0  0  0  0  0  0  0  0  0  0
   -4.7496   -1.1869   -1.0320 H    0  0  0  0  0  0  0  0  0  0  0  0
   -5.1690   -2.2756   -3.2101 H    0  0  0  0  0  0  0  0  0  0  0  0
   -3.4659   -3.7834   -4.1900 H    0  0  0  0  0  0  0  0  0  0  0  0
   -1.3465   -4.1978   -2.9756 H    0  0  0  0  0  0  0  0  0  0  0  0
   -0.9363   -3.1089   -0.7921 H    0  0  0  0  0  0  0  0  0  0  0  0
   -2.3996    0.6760   -0.8580 H    0  0  0  0  0  0  0  0  0  0  0  0
   -0.7309    1.1038   -0.6730 H    0  0  0  0  0  0  0  0  0  0  0  0
   -1.9473    3.4169   -0.7400 H    0  0  0  0  0  0  0  0  0  0  0  0
   -2.6366    5.2878    0.7099 H    0  0  0  0  0  0  0  0  0  0  0  0
   -3.0979    4.8938    3.1139 H    0  0  0  0  0  0  0  0  0  0  0  0
   -2.8583    2.6126    4.0485 H    0  0  0  0  0  0  0  0  0  0  0  0
   -2.1702    0.7426    2.5933 H    0  0  0  0  0  0  0  0  0  0  0  0
  1  2  2  0
  2  3  1  0
  3  4  2  0
  4  5  1  0
  5  6  2  0
  6  7  1  0
  7  8  2  0
  2  9  1  0
  9 10  2  0
 10 11  1  0
 11 12  2  0
 12 13  1  0
 13 14  2  0
 14 15  1  0
 15 16  1  0
 16 17  2  0
 16 18  1  0
 18 19  1  0
 19 20  1  0
 20 21  2  0
 21 22  1  0
 22 23  2  0
 23 24  1  0
 24 25  2  0
 18 26  1  0
 26 27  1  0
 27 28  2  0
 28 29  1  0
 29 30  2  0
 30 31  1  0
 31 32  2  0
  8  3  1  0
 14  9  1  0
 25 20  1  0
 32 27  1  0
  4 33  1  0
  5 34  1  0
  6 35  1  0
  7 36  1  0
  8 37  1  0
 10 38  1  0
 11 39  1  0
 12 40  1  0
 13 41  1  0
 15 42  1  0
 19 43  1  0
 19 44  1  0
 21 45  1  0
 22 46  1  0
 23 47  1  0
 24 48  1  0
 25 49  1  0
 26 50  1  0
 26 51  1  0
 28 52  1  0
 29 53  1  0
 30 54  1  0
 31 55  1  0
 32 56  1  0
M  END
