
     RDKit          2D

 56 59  0  0  0  0  0  0  0  0999 V2000
    2.0933    1.5227   -1.4296 O    0  0  0  0  0  0  0  0  0  0  0  0
    2.8763    1.5483   -0.4513 C    0  0  0  0  0  0  0  0  0  0  0  0
    3.4597    2.8320   -0.0049 C    0  0  0  0  0  0  0  0  0  0  0  0
    4.0045    2.9915    1.2741 C    0  0  0  0  0  0  0  0  0  0  0  0
    4.5046    4.2271    1.6704 C    0  0  0  0  0  0  0  0  0  0  0  0
    4.4720    5.3069    0.7926 C    0  0  0  0  0  0  0  0  0  0  0  0
    3.9267    5.1556   -0.4821 C    0  0  0  0  0  0  0  0  0  0  0  0
    3.4168    3.9274   -0.8761 C    0  0  0  0  0  0  0  0  0  0  0  0
    3.2580    0.2789    0.2194 C    0  0  0  0  0  0  0  0  0  0  0  0
    4.6137   -0.0177    0.3921 C    0  0  0  0  0  0  0  0  0  0  0  0
    5.0186   -1.2303    0.9300 C    0  0  0  0  0  0  0  0  0  0  0  0
    4.0534   -2.1597    1.3059 C    0  0  0  0  0  0  0  0  0  0  0  0
    2.7025   -1.9048    1.1099 C    0  0  0  0  0  0  0  0  0  0  0  0
    2.2880   -0.7006    0.5324 C    0  0  0  0  0  0  0  0  0  0  0  0
    0.9409   -0.4331    0.2214 N    0  0  0  0  0  0  0  0  0  0  0  0
   -0.1700   -1.0408    0.7662 C    0  0  0  0  0  0  0  0  0  0  0  0
   -0.0959   -1.8767    1.7041 O    0  0  0  0  0  0  0  0  0  0  0  0
   -1.3753   -0.6722    0.2256 N    0  0  0  0  0  0  0  0  0  0  0  0
   -2.6106   -1.1860    0.8371 C    0  0  0  0  0  0  0  0  0  0  0  0
   -3.2594   -2.2914    0.0336 C    0  0  0  0  0  0  0  0  0  0  0  0
   -4.5333   -2.1254   -0.5093 C    0  0  0  0  0  0  0  0  0  0  0  0
   -5.1320   -3.1476   -1.2446 C    0  0  0  0  0  0  0  0  0  0  0  0
   -4.4574   -4.3469   -1.4448 C    0  0  0  0  0  0  0  0  0  0  0  0
   -3.1834   -4.5218   -0.9047 C    0  0  0  0  0  0  0  0  0  0  0  0
   -2.5892   -3.5020   -0.1706 C    0  0  0  0  0  0  0  0  0  0  0  0
   -1.5172    0.1841   -0.9493 C    0  0  0  0  0  0  0  0  0  0  0  0
   -1.5030    1.6772   -0.6642 C    0  0  0  0  0  0  0  0  0  0  0  0
   -1.4878    2.5702   -1.7393 C    0  0  0  0  0  0  0  0  0  0  0  0
   -1.4975    3.9425   -1.5201 C    0  0  0  0  0  0  0  0  0  0  0  0
   -1.5198    4.4426   -0.2191 C    0  0  0  0  0  0  0  0  0  0  0  0
   -1.5301    3.5600    0.8551 C    0  0  0  0  0  0  0  0  0  0  0  0
   -1.5215    2.1837    0.6335 C    0  0  0  0  0  0  0  0  0  0  0  0
    4.0205    2.1600    1.9620 H    0  0  0  0  0  0  0  0  0  0  0  0
    4.9156    4.3469    2.6622 H    0  0  0  0  0  0  0  0  0  0  0  0
    4.8661    6.2648    1.1008 H    0  0  0  0  0  0  0  0  0  0  0  0
    3.8986    5.9945   -1.1621 H    0  0  0  0  0  0  0  0  0  0  0  0
    2.9800    3.7961   -1.8544 H    0  0  0  0  0  0  0  0  0  0  0  0
    5.3516    0.7169    0.1041 H    0  0  0  0  0  0  0  0  0  0  0  0
    6.0692   -1.4452    1.0562 H    0  0  0  0  0  0  0  0  0  0  0  0
    4.3509   -3.1030    1.7413 H    0  0  0  0  0  0  0  0  0  0  0  0
    1.9604   -2.6270    1.3975 H    0  0  0  0  0  0  0  0  0  0  0  0
    0.8130    0.2877   -0.4727 H    0  0  0  0  0  0  0  0  0  0  0  0
   -2.3493   -1.5434    1.8287 H    0  0  0  0  0  0  0  0  0  0  0  0
   -3.3057   -0.3538    0.9497 H    0  0  0  0  0  0  0  0  0  0  0  0
   -5.0612   -1.1933   -0.3541 H    0  0  0  0  0  0  0  0  0  0  0  0
   -6.1198   -3.0044   -1.6596 H    0  0  0  0  0  0  0  0  0  0  0  0
   -4.9186   -5.1411   -2.0147 H    0  0  0  0  0  0  0  0  0  0  0  0
   -2.6571   -5.4544   -1.0528 H    0  0  0  0  0  0  0  0  0  0  0  0
   -1.6065   -3.6401    0.2588 H    0  0  0  0  0  0  0  0  0  0  0  0
   -2.4633   -0.0838   -1.4205 H    0  0  0  0  0  0  0  0  0  0  0  0
   -0.7523   -0.0644   -1.6867 H    0  0  0  0  0  0  0  0  0  0  0  0
   -1.4600    2.1872   -2.7513 H    0  0  0  0  0  0  0  0  0  0  0  0
   -1.4819    4.6211   -2.3613 H    0  0  0  0  0  0  0  0  0  0  0  0
   -1.5237    5.5095   -0.0471 H    0  0  0  0  0  0  0  0  0  0  0  0
   -1.5419    3.9386    1.8676 H    0  0  0  0  0  0  0  0  0  0  0  0
   -1.5226    1.5035    1.4731 H    0  0  0  0  0  0  0  0  0  0  0  0
  1  2  2  0
  2  3  1  0
  3  4  2  0
  4  5  1  0
  5  6  2  0
  6  7  1  0
  7  8  2  0
  2  9  1  0
  9 10  2  0
 10 11  1  0
 11 12  2  0
 12 13  1  0
 13 14  2  0
 14 15  1  0
 15 16  1  0
 16 17  2  0
 16 18  1  0
 18 19  1  0
 19 20  1  0
 20 21  2  0
 21 22  1  0
 22 23  2  0
 23 24  1  0
 24 25  2  0
 18 26  1  0
 26 27  1  0
 27 28  2  0
 28 29  1  0
 29 30  2  0
 30 31  1  0
 31 32  2  0
  8  3  1  0
 14  9  1  0
 25 20  1  0
 32 27  1  0
  4 33  1  0
  5 34  1  0
  6 35  1  0
  7 36  1  0
  8 37  1  0
 10 38  1  0
 11 39  1  0
 12 40  1  0
 13 41  1  0
 15 42  1  0
 19 43  1  0
 19 44  1  0
 21 45  1  0
 22 46  1  0
 23 47  1  0
 24 48  1  0
 25 49  1  0
 26 50  1  0
 26 51  1  0
 28 52  1  0
 29 53  1  0
 30 54  1  0
 31 55  1  0
 32 56  1  0
M  END
