
     RDKit          2D

 56 59  0  0  0  0  0  0  0  0999 V2000
    2.9803    2.0089    0.6097 O    0  0  0  0  0  0  0  0  0  0  0  0
    2.8131    0.8722    0.1285 C    0  0  0  0  0  0  0  0  0  0  0  0
    2.3594    0.7002   -1.2709 C    0  0  0  0  0  0  0  0  0  0  0  0
    2.0325    1.8389   -2.0172 C    0  0  0  0  0  0  0  0  0  0  0  0
    1.6004    1.7156   -3.3298 C    0  0  0  0  0  0  0  0  0  0  0  0
    1.4922    0.4523   -3.9111 C    0  0  0  0  0  0  0  0  0  0  0  0
    1.8208   -0.6844   -3.1773 C    0  0  0  0  0  0  0  0  0  0  0  0
    2.2540   -0.5631   -1.8616 C    0  0  0  0  0  0  0  0  0  0  0  0
    3.0774   -0.3370    0.9714 C    0  0  0  0  0  0  0  0  0  0  0  0
    4.3979   -0.6794    1.2611 C    0  0  0  0  0  0  0  0  0  0  0  0
    4.6833   -1.8173    2.0050 C    0  0  0  0  0  0  0  0  0  0  0  0
    3.6393   -2.6087    2.4754 C    0  0  0  0  0  0  0  0  0  0  0  0
    2.3181   -2.2624    2.2192 C    0  0  0  0  0  0  0  0  0  0  0  0
    2.0283   -1.1260    1.4631 C    0  0  0  0  0  0  0  0  0  0  0  0
    0.6971   -0.7065    1.2034 N    0  0  0  0  0  0  0  0  0  0  0  0
   -0.3644   -1.5462    0.9390 C    0  0  0  0  0  0  0  0  0  0  0  0
   -0.2688   -2.7973    1.0276 O    0  0  0  0  0  0  0  0  0  0  0  0
   -1.5327   -0.9310    0.5714 N    0  0  0  0  0  0  0  0  0  0  0  0
   -2.7390   -1.7545    0.3953 C    0  0  0  0  0  0  0  0  0  0  0  0
   -3.0471   -2.0691   -1.0525 C    0  0  0  0  0  0  0  0  0  0  0  0
   -4.2248   -1.6148   -1.6455 C    0  0  0  0  0  0  0  0  0  0  0  0
   -4.5098   -1.9084   -2.9783 C    0  0  0  0  0  0  0  0  0  0  0  0
   -3.6145   -2.6602   -3.7312 C    0  0  0  0  0  0  0  0  0  0  0  0
   -2.4349   -3.1199   -3.1456 C    0  0  0  0  0  0  0  0  0  0  0  0
   -2.1531   -2.8273   -1.8162 C    0  0  0  0  0  0  0  0  0  0  0  0
   -1.6091    0.4831    0.2029 C    0  0  0  0  0  0  0  0  0  0  0  0
   -1.6527    1.4513    1.3731 C    0  0  0  0  0  0  0  0  0  0  0  0
   -1.2758    2.7820    1.1742 C    0  0  0  0  0  0  0  0  0  0  0  0
   -1.3423    3.7003    2.2172 C    0  0  0  0  0  0  0  0  0  0  0  0
   -1.7831    3.2969    3.4752 C    0  0  0  0  0  0  0  0  0  0  0  0
   -2.1528    1.9711    3.6826 C    0  0  0  0  0  0  0  0  0  0  0  0
   -2.0873    1.0531    2.6375 C    0  0  0  0  0  0  0  0  0  0  0  0
    2.1244    2.8084   -1.5510 H    0  0  0  0  0  0  0  0  0  0  0  0
    1.3485    2.5975   -3.9006 H    0  0  0  0  0  0  0  0  0  0  0  0
    1.1538    0.3554   -4.9327 H    0  0  0  0  0  0  0  0  0  0  0  0
    1.7393   -1.6626   -3.6278 H    0  0  0  0  0  0  0  0  0  0  0  0
    2.5108   -1.4467   -1.2966 H    0  0  0  0  0  0  0  0  0  0  0  0
    5.1986   -0.0562    0.8888 H    0  0  0  0  0  0  0  0  0  0  0  0
    5.7089   -2.0831    2.2146 H    0  0  0  0  0  0  0  0  0  0  0  0
    3.8505   -3.4948    3.0564 H    0  0  0  0  0  0  0  0  0  0  0  0
    1.5082   -2.8689    2.5846 H    0  0  0  0  0  0  0  0  0  0  0  0
    0.5177    0.2820    1.2705 H    0  0  0  0  0  0  0  0  0  0  0  0
   -2.5810   -2.6724    0.9542 H    0  0  0  0  0  0  0  0  0  0  0  0
   -3.5786   -1.2246    0.8447 H    0  0  0  0  0  0  0  0  0  0  0  0
   -4.9248   -1.0311   -1.0616 H    0  0  0  0  0  0  0  0  0  0  0  0
   -5.4268   -1.5495   -3.4243 H    0  0  0  0  0  0  0  0  0  0  0  0
   -3.8326   -2.8899   -4.7646 H    0  0  0  0  0  0  0  0  0  0  0  0
   -1.7390   -3.7107   -3.7247 H    0  0  0  0  0  0  0  0  0  0  0  0
   -1.2457   -3.1917   -1.3554 H    0  0  0  0  0  0  0  0  0  0  0  0
   -2.5095    0.6012   -0.3993 H    0  0  0  0  0  0  0  0  0  0  0  0
   -0.7784    0.7375   -0.4581 H    0  0  0  0  0  0  0  0  0  0  0  0
   -0.9242    3.0983    0.2005 H    0  0  0  0  0  0  0  0  0  0  0  0
   -1.0426    4.7252    2.0505 H    0  0  0  0  0  0  0  0  0  0  0  0
   -1.8303    4.0077    4.2878 H    0  0  0  0  0  0  0  0  0  0  0  0
   -2.4884    1.6490    4.6583 H    0  0  0  0  0  0  0  0  0  0  0  0
   -2.3622    0.0216    2.8062 H    0  0  0  0  0  0  0  0  0  0  0  0
  1  2  2  0
  2  3  1  0
  3  4  2  0
  4  5  1  0
  5  6  2  0
  6  7  1  0
  7  8  2  0
  2  9  1  0
  9 10  2  0
 10 11  1  0
 11 12  2  0
 12 13  1  0
 13 14  2  0
 14 15  1  0
 15 16  1  0
 16 17  2  0
 16 18  1  0
 18 19  1  0
 19 20  1  0
 20 21  2  0
 21 22  1  0
 22 23  2  0
 23 24  1  0
 24 25  2  0
 18 26  1  0
 26 27  1  0
 27 28  2  0
 28 29  1  0
 29 30  2  0
 30 31  1  0
 31 32  2  0
  8  3  1  0
 14  9  1  0
 25 20  1  0
 32 27  1  0
  4 33  1  0
  5 34  1  0
  6 35  1  0
  7 36  1  0
  8 37  1  0
 10 38  1  0
 11 39  1  0
 12 40  1  0
 13 41  1  0
 15 42  1  0
 19 43  1  0
 19 44  1  0
 21 45  1  0
 22 46  1  0
 23 47  1  0
 24 48  1  0
 25 49  1  0
 26 50  1  0
 26 51  1  0
 28 52  1  0
 29 53  1  0
 30 54  1  0
 31 55  1  0
 32 56  1  0
M  END
