
     RDKit          2D

 56 59  0  0  0  0  0  0  0  0999 V2000
    1.8719    1.6805   -1.1459 O    0  0  0  0  0  0  0  0  0  0  0  0
    2.9039    1.6379   -0.4281 C    0  0  0  0  0  0  0  0  0  0  0  0
    3.7307    2.8638   -0.3069 C    0  0  0  0  0  0  0  0  0  0  0  0
    4.4264    3.1812    0.8647 C    0  0  0  0  0  0  0  0  0  0  0  0
    5.1312    4.3767    0.9557 C    0  0  0  0  0  0  0  0  0  0  0  0
    5.1572    5.2563   -0.1229 C    0  0  0  0  0  0  0  0  0  0  0  0
    4.4617    4.9481   -1.2910 C    0  0  0  0  0  0  0  0  0  0  0  0
    3.7429    3.7640   -1.3780 C    0  0  0  0  0  0  0  0  0  0  0  0
    3.2931    0.3905    0.2598 C    0  0  0  0  0  0  0  0  0  0  0  0
    4.6548    0.1078    0.4453 C    0  0  0  0  0  0  0  0  0  0  0  0
    5.0758   -1.0635    1.0505 C    0  0  0  0  0  0  0  0  0  0  0  0
    4.1199   -1.9736    1.4953 C    0  0  0  0  0  0  0  0  0  0  0  0
    2.7665   -1.7395    1.3048 C    0  0  0  0  0  0  0  0  0  0  0  0
    2.3296   -0.5756    0.6585 C    0  0  0  0  0  0  0  0  0  0  0  0
    0.9787   -0.3348    0.3715 N    0  0  0  0  0  0  0  0  0  0  0  0
   -0.1184   -1.0245    0.8448 C    0  0  0  0  0  0  0  0  0  0  0  0
   -0.0358   -1.9346    1.7104 O    0  0  0  0  0  0  0  0  0  0  0  0
   -1.3263   -0.6531    0.3123 N    0  0  0  0  0  0  0  0  0  0  0  0
   -2.5521   -1.2676    0.8452 C    0  0  0  0  0  0  0  0  0  0  0  0
   -3.1396   -2.3156   -0.0741 C    0  0  0  0  0  0  0  0  0  0  0  0
   -4.4137   -2.1539   -0.6179 C    0  0  0  0  0  0  0  0  0  0  0  0
   -4.9555   -3.1229   -1.4615 C    0  0  0  0  0  0  0  0  0  0  0  0
   -4.2231   -4.2639   -1.7704 C    0  0  0  0  0  0  0  0  0  0  0  0
   -2.9486   -4.4343   -1.2300 C    0  0  0  0  0  0  0  0  0  0  0  0
   -2.4114   -3.4679   -0.3878 C    0  0  0  0  0  0  0  0  0  0  0  0
   -1.4887    0.3020   -0.7808 C    0  0  0  0  0  0  0  0  0  0  0  0
   -1.6241    1.7535   -0.3515 C    0  0  0  0  0  0  0  0  0  0  0  0
   -1.7324    2.7398   -1.3360 C    0  0  0  0  0  0  0  0  0  0  0  0
   -1.8754    4.0769   -0.9862 C    0  0  0  0  0  0  0  0  0  0  0  0
   -1.9107    4.4486    0.3571 C    0  0  0  0  0  0  0  0  0  0  0  0
   -1.7996    3.4732    1.3414 C    0  0  0  0  0  0  0  0  0  0  0  0
   -1.6564    2.1318    0.9885 C    0  0  0  0  0  0  0  0  0  0  0  0
    4.3978    2.5100    1.7097 H    0  0  0  0  0  0  0  0  0  0  0  0
    5.6553    4.6218    1.8679 H    0  0  0  0  0  0  0  0  0  0  0  0
    5.7119    6.1810   -0.0523 H    0  0  0  0  0  0  0  0  0  0  0  0
    4.4770    5.6317   -2.1273 H    0  0  0  0  0  0  0  0  0  0  0  0
    3.1840    3.5214   -2.2692 H    0  0  0  0  0  0  0  0  0  0  0  0
    5.3869    0.8181    0.0936 H    0  0  0  0  0  0  0  0  0  0  0  0
    6.1292   -1.2645    1.1747 H    0  0  0  0  0  0  0  0  0  0  0  0
    4.4286   -2.8868    1.9838 H    0  0  0  0  0  0  0  0  0  0  0  0
    2.0329   -2.4460    1.6465 H    0  0  0  0  0  0  0  0  0  0  0  0
    0.8396    0.4321   -0.2749 H    0  0  0  0  0  0  0  0  0  0  0  0
   -2.2971   -1.7064    1.8052 H    0  0  0  0  0  0  0  0  0  0  0  0
   -3.2816   -0.4761    1.0177 H    0  0  0  0  0  0  0  0  0  0  0  0
   -4.9861   -1.2670   -0.3790 H    0  0  0  0  0  0  0  0  0  0  0  0
   -5.9440   -2.9835   -1.8760 H    0  0  0  0  0  0  0  0  0  0  0  0
   -4.6399   -5.0164   -2.4248 H    0  0  0  0  0  0  0  0  0  0  0  0
   -2.3773   -5.3221   -1.4627 H    0  0  0  0  0  0  0  0  0  0  0  0
   -1.4281   -3.6040    0.0409 H    0  0  0  0  0  0  0  0  0  0  0  0
   -2.3834    0.0043   -1.3285 H    0  0  0  0  0  0  0  0  0  0  0  0
   -0.6714    0.1971   -1.4951 H    0  0  0  0  0  0  0  0  0  0  0  0
   -1.6973    2.4577   -2.3804 H    0  0  0  0  0  0  0  0  0  0  0  0
   -1.9545    4.8291   -1.7585 H    0  0  0  0  0  0  0  0  0  0  0  0
   -2.0197    5.4884    0.6306 H    0  0  0  0  0  0  0  0  0  0  0  0
   -1.8216    3.7519    2.3856 H    0  0  0  0  0  0  0  0  0  0  0  0
   -1.5654    1.3797    1.7590 H    0  0  0  0  0  0  0  0  0  0  0  0
  1  2  2  0
  2  3  1  0
  3  4  2  0
  4  5  1  0
  5  6  2  0
  6  7  1  0
  7  8  2  0
  2  9  1  0
  9 10  2  0
 10 11  1  0
 11 12  2  0
 12 13  1  0
 13 14  2  0
 14 15  1  0
 15 16  1  0
 16 17  2  0
 16 18  1  0
 18 19  1  0
 19 20  1  0
 20 21  2  0
 21 22  1  0
 22 23  2  0
 23 24  1  0
 24 25  2  0
 18 26  1  0
 26 27  1  0
 27 28  2  0
 28 29  1  0
 29 30  2  0
 30 31  1  0
 31 32  2  0
  8  3  1  0
 14  9  1  0
 25 20  1  0
 32 27  1  0
  4 33  1  0
  5 34  1  0
  6 35  1  0
  7 36  1  0
  8 37  1  0
 10 38  1  0
 11 39  1  0
 12 40  1  0
 13 41  1  0
 15 42  1  0
 19 43  1  0
 19 44  1  0
 21 45  1  0
 22 46  1  0
 23 47  1  0
 24 48  1  0
 25 49  1  0
 26 50  1  0
 26 51  1  0
 28 52  1  0
 29 53  1  0
 30 54  1  0
 31 55  1  0
 32 56  1  0
M  END
