
     RDKit          2D

 56 59  0  0  0  0  0  0  0  0999 V2000
    2.4489    1.4907   -1.7845 O    0  0  0  0  0  0  0  0  0  0  0  0
    2.9593    1.5118   -0.6446 C    0  0  0  0  0  0  0  0  0  0  0  0
    3.2378    2.7898    0.0395 C    0  0  0  0  0  0  0  0  0  0  0  0
    3.6407    2.8303    1.3788 C    0  0  0  0  0  0  0  0  0  0  0  0
    3.8766    4.0522    1.9993 C    0  0  0  0  0  0  0  0  0  0  0  0
    3.7169    5.2373    1.2868 C    0  0  0  0  0  0  0  0  0  0  0  0
    3.3133    5.2037   -0.0483 C    0  0  0  0  0  0  0  0  0  0  0  0
    3.0713    3.9871   -0.6678 C    0  0  0  0  0  0  0  0  0  0  0  0
    3.3479    0.2226    0.0061 C    0  0  0  0  0  0  0  0  0  0  0  0
    4.7005   -0.1019    0.1096 C    0  0  0  0  0  0  0  0  0  0  0  0
    5.0982   -1.3295    0.6232 C    0  0  0  0  0  0  0  0  0  0  0  0
    4.1294   -2.2408    1.0316 C    0  0  0  0  0  0  0  0  0  0  0  0
    2.7773   -1.9503    0.8993 C    0  0  0  0  0  0  0  0  0  0  0  0
    2.3720   -0.7267    0.3594 C    0  0  0  0  0  0  0  0  0  0  0  0
    1.0167   -0.4130    0.1137 N    0  0  0  0  0  0  0  0  0  0  0  0
   -0.0800   -0.9650    0.7420 C    0  0  0  0  0  0  0  0  0  0  0  0
    0.0261   -1.7533    1.7166 O    0  0  0  0  0  0  0  0  0  0  0  0
   -1.3015   -0.5965    0.2397 N    0  0  0  0  0  0  0  0  0  0  0  0
   -2.5169   -1.0531    0.9314 C    0  0  0  0  0  0  0  0  0  0  0  0
   -3.2158   -2.1913    0.2208 C    0  0  0  0  0  0  0  0  0  0  0  0
   -4.5104   -2.0354   -0.2739 C    0  0  0  0  0  0  0  0  0  0  0  0
   -5.1544   -3.0861   -0.9259 C    0  0  0  0  0  0  0  0  0  0  0  0
   -4.5049   -4.3046   -1.0904 C    0  0  0  0  0  0  0  0  0  0  0  0
   -3.2105   -4.4697   -0.5974 C    0  0  0  0  0  0  0  0  0  0  0  0
   -2.5712   -3.4214    0.0538 C    0  0  0  0  0  0  0  0  0  0  0  0
   -1.4741    0.1795   -0.9866 C    0  0  0  0  0  0  0  0  0  0  0  0
   -1.3433    1.6850   -0.8213 C    0  0  0  0  0  0  0  0  0  0  0  0
   -1.2303    2.4853   -1.9614 C    0  0  0  0  0  0  0  0  0  0  0  0
   -1.1462    3.8684   -1.8497 C    0  0  0  0  0  0  0  0  0  0  0  0
   -1.1685    4.4709   -0.5931 C    0  0  0  0  0  0  0  0  0  0  0  0
   -1.2719    3.6798    0.5461 C    0  0  0  0  0  0  0  0  0  0  0  0
   -1.3588    2.2937    0.4326 C    0  0  0  0  0  0  0  0  0  0  0  0
    3.7597    1.9119    1.9335 H    0  0  0  0  0  0  0  0  0  0  0  0
    4.1827    4.0792    3.0348 H    0  0  0  0  0  0  0  0  0  0  0  0
    3.9039    6.1859    1.7697 H    0  0  0  0  0  0  0  0  0  0  0  0
    3.1880    6.1244   -0.5991 H    0  0  0  0  0  0  0  0  0  0  0  0
    2.7504    3.9410   -1.6975 H    0  0  0  0  0  0  0  0  0  0  0  0
    5.4413    0.6217   -0.2009 H    0  0  0  0  0  0  0  0  0  0  0  0
    6.1481   -1.5689    0.7050 H    0  0  0  0  0  0  0  0  0  0  0  0
    4.4236   -3.1950    1.4447 H    0  0  0  0  0  0  0  0  0  0  0  0
    2.0309   -2.6570    1.2146 H    0  0  0  0  0  0  0  0  0  0  0  0
    0.8594    0.2953   -0.5842 H    0  0  0  0  0  0  0  0  0  0  0  0
   -2.2179   -1.3575    1.9300 H    0  0  0  0  0  0  0  0  0  0  0  0
   -3.1947   -0.2045    1.0249 H    0  0  0  0  0  0  0  0  0  0  0  0
   -5.0187   -1.0883   -0.1467 H    0  0  0  0  0  0  0  0  0  0  0  0
   -6.1577   -2.9502   -1.3046 H    0  0  0  0  0  0  0  0  0  0  0  0
   -5.0009   -5.1208   -1.5961 H    0  0  0  0  0  0  0  0  0  0  0  0
   -2.7034   -5.4168   -0.7175 H    0  0  0  0  0  0  0  0  0  0  0  0
   -1.5725   -3.5516    0.4471 H    0  0  0  0  0  0  0  0  0  0  0  0
   -2.4673   -0.0562   -1.3688 H    0  0  0  0  0  0  0  0  0  0  0  0
   -0.7811   -0.1749   -1.7519 H    0  0  0  0  0  0  0  0  0  0  0  0
   -1.2008    2.0217   -2.9390 H    0  0  0  0  0  0  0  0  0  0  0  0
   -1.0565    4.4746   -2.7401 H    0  0  0  0  0  0  0  0  0  0  0  0
   -1.0987    5.5456   -0.5044 H    0  0  0  0  0  0  0  0  0  0  0  0
   -1.2813    4.1382    1.5250 H    0  0  0  0  0  0  0  0  0  0  0  0
   -1.4299    1.6836    1.3217 H    0  0  0  0  0  0  0  0  0  0  0  0
  1  2  2  0
  2  3  1  0
  3  4  2  0
  4  5  1  0
  5  6  2  0
  6  7  1  0
  7  8  2  0
  2  9  1  0
  9 10  2  0
 10 11  1  0
 11 12  2  0
 12 13  1  0
 13 14  2  0
 14 15  1  0
 15 16  1  0
 16 17  2  0
 16 18  1  0
 18 19  1  0
 19 20  1  0
 20 21  2  0
 21 22  1  0
 22 23  2  0
 23 24  1  0
 24 25  2  0
 18 26  1  0
 26 27  1  0
 27 28  2  0
 28 29  1  0
 29 30  2  0
 30 31  1  0
 31 32  2  0
  8  3  1  0
 14  9  1  0
 25 20  1  0
 32 27  1  0
  4 33  1  0
  5 34  1  0
  6 35  1  0
  7 36  1  0
  8 37  1  0
 10 38  1  0
 11 39  1  0
 12 40  1  0
 13 41  1  0
 15 42  1  0
 19 43  1  0
 19 44  1  0
 21 45  1  0
 22 46  1  0
 23 47  1  0
 24 48  1  0
 25 49  1  0
 26 50  1  0
 26 51  1  0
 28 52  1  0
 29 53  1  0
 30 54  1  0
 31 55  1  0
 32 56  1  0
M  END
