
     RDKit          2D

 56 59  0  0  0  0  0  0  0  0999 V2000
    2.9334    1.8507   -1.7475 O    0  0  0  0  0  0  0  0  0  0  0  0
    3.2137    1.6868   -0.5438 C    0  0  0  0  0  0  0  0  0  0  0  0
    3.1978    2.8172    0.4060 C    0  0  0  0  0  0  0  0  0  0  0  0
    3.4124    2.6233    1.7748 C    0  0  0  0  0  0  0  0  0  0  0  0
    3.3800    3.7067    2.6459 C    0  0  0  0  0  0  0  0  0  0  0  0
    3.1377    4.9870    2.1558 C    0  0  0  0  0  0  0  0  0  0  0  0
    2.9211    5.1864    0.7919 C    0  0  0  0  0  0  0  0  0  0  0  0
    2.9475    4.1072   -0.0783 C    0  0  0  0  0  0  0  0  0  0  0  0
    3.6047    0.3240   -0.0579 C    0  0  0  0  0  0  0  0  0  0  0  0
    4.9564    0.0041    0.0651 C    0  0  0  0  0  0  0  0  0  0  0  0
    5.3467   -1.2660    0.4699 C    0  0  0  0  0  0  0  0  0  0  0  0
    4.3749   -2.2242    0.7448 C    0  0  0  0  0  0  0  0  0  0  0  0
    3.0265   -1.9288    0.5928 C    0  0  0  0  0  0  0  0  0  0  0  0
    2.6303   -0.6566    0.1754 C    0  0  0  0  0  0  0  0  0  0  0  0
    1.2727   -0.3318   -0.0639 N    0  0  0  0  0  0  0  0  0  0  0  0
    0.1964   -0.8382    0.6368 C    0  0  0  0  0  0  0  0  0  0  0  0
    0.3419   -1.5511    1.6620 O    0  0  0  0  0  0  0  0  0  0  0  0
   -1.0421   -0.5075    0.1522 N    0  0  0  0  0  0  0  0  0  0  0  0
   -2.2300   -0.8599    0.9457 C    0  0  0  0  0  0  0  0  0  0  0  0
   -2.9705   -2.0655    0.4105 C    0  0  0  0  0  0  0  0  0  0  0  0
   -4.2721   -1.9454   -0.0764 C    0  0  0  0  0  0  0  0  0  0  0  0
   -4.9535   -3.0585   -0.5670 C    0  0  0  0  0  0  0  0  0  0  0  0
   -4.3353   -4.3041   -0.5755 C    0  0  0  0  0  0  0  0  0  0  0  0
   -3.0346   -4.4335   -0.0889 C    0  0  0  0  0  0  0  0  0  0  0  0
   -2.3575   -3.3228    0.4009 C    0  0  0  0  0  0  0  0  0  0  0  0
   -1.2686    0.1165   -1.1484 C    0  0  0  0  0  0  0  0  0  0  0  0
   -1.2486    1.6365   -1.1501 C    0  0  0  0  0  0  0  0  0  0  0  0
   -1.4040    2.3116   -2.3646 C    0  0  0  0  0  0  0  0  0  0  0  0
   -1.4085    3.7005   -2.4068 C    0  0  0  0  0  0  0  0  0  0  0  0
   -1.2562    4.4362   -1.2322 C    0  0  0  0  0  0  0  0  0  0  0  0
   -1.0978    3.7714   -0.0216 C    0  0  0  0  0  0  0  0  0  0  0  0
   -1.0942    2.3777    0.0194 C    0  0  0  0  0  0  0  0  0  0  0  0
    3.5990    1.6302    2.1554 H    0  0  0  0  0  0  0  0  0  0  0  0
    3.5432    3.5524    3.7024 H    0  0  0  0  0  0  0  0  0  0  0  0
    3.1163    5.8284    2.8337 H    0  0  0  0  0  0  0  0  0  0  0  0
    2.7315    6.1803    0.4136 H    0  0  0  0  0  0  0  0  0  0  0  0
    2.7745    4.2402   -1.1355 H    0  0  0  0  0  0  0  0  0  0  0  0
    5.7003    0.7607   -0.1425 H    0  0  0  0  0  0  0  0  0  0  0  0
    6.3953   -1.5038    0.5709 H    0  0  0  0  0  0  0  0  0  0  0  0
    4.6656   -3.2136    1.0671 H    0  0  0  0  0  0  0  0  0  0  0  0
    2.2772   -2.6721    0.8026 H    0  0  0  0  0  0  0  0  0  0  0  0
    1.1031    0.3696   -0.7660 H    0  0  0  0  0  0  0  0  0  0  0  0
   -1.8914   -1.0448    1.9609 H    0  0  0  0  0  0  0  0  0  0  0  0
   -2.8935    0.0050    0.9625 H    0  0  0  0  0  0  0  0  0  0  0  0
   -4.7565   -0.9776   -0.0691 H    0  0  0  0  0  0  0  0  0  0  0  0
   -5.9618   -2.9502   -0.9414 H    0  0  0  0  0  0  0  0  0  0  0  0
   -4.8609   -5.1688   -0.9553 H    0  0  0  0  0  0  0  0  0  0  0  0
   -2.5520   -5.4008   -0.0878 H    0  0  0  0  0  0  0  0  0  0  0  0
   -1.3533   -3.4214    0.7894 H    0  0  0  0  0  0  0  0  0  0  0  0
   -2.2405   -0.2300   -1.5011 H    0  0  0  0  0  0  0  0  0  0  0  0
   -0.5470   -0.2697   -1.8698 H    0  0  0  0  0  0  0  0  0  0  0  0
   -1.5191    1.7453   -3.2800 H    0  0  0  0  0  0  0  0  0  0  0  0
   -1.5274    4.2090   -3.3532 H    0  0  0  0  0  0  0  0  0  0  0  0
   -1.2582    5.5164   -1.2640 H    0  0  0  0  0  0  0  0  0  0  0  0
   -0.9734    4.3331    0.8934 H    0  0  0  0  0  0  0  0  0  0  0  0
   -0.9670    1.8670    0.9631 H    0  0  0  0  0  0  0  0  0  0  0  0
  1  2  2  0
  2  3  1  0
  3  4  2  0
  4  5  1  0
  5  6  2  0
  6  7  1  0
  7  8  2  0
  2  9  1  0
  9 10  2  0
 10 11  1  0
 11 12  2  0
 12 13  1  0
 13 14  2  0
 14 15  1  0
 15 16  1  0
 16 17  2  0
 16 18  1  0
 18 19  1  0
 19 20  1  0
 20 21  2  0
 21 22  1  0
 22 23  2  0
 23 24  1  0
 24 25  2  0
 18 26  1  0
 26 27  1  0
 27 28  2  0
 28 29  1  0
 29 30  2  0
 30 31  1  0
 31 32  2  0
  8  3  1  0
 14  9  1  0
 25 20  1  0
 32 27  1  0
  4 33  1  0
  5 34  1  0
  6 35  1  0
  7 36  1  0
  8 37  1  0
 10 38  1  0
 11 39  1  0
 12 40  1  0
 13 41  1  0
 15 42  1  0
 19 43  1  0
 19 44  1  0
 21 45  1  0
 22 46  1  0
 23 47  1  0
 24 48  1  0
 25 49  1  0
 26 50  1  0
 26 51  1  0
 28 52  1  0
 29 53  1  0
 30 54  1  0
 31 55  1  0
 32 56  1  0
M  END
