
     RDKit          2D

 56 59  0  0  0  0  0  0  0  0999 V2000
    3.2777    0.0629   -2.4387 O    0  0  0  0  0  0  0  0  0  0  0  0
    3.3059    0.5735   -1.3048 C    0  0  0  0  0  0  0  0  0  0  0  0
    3.0506    2.0199   -1.1159 C    0  0  0  0  0  0  0  0  0  0  0  0
    3.1869    2.6302    0.1362 C    0  0  0  0  0  0  0  0  0  0  0  0
    2.9507    3.9932    0.2776 C    0  0  0  0  0  0  0  0  0  0  0  0
    2.5803    4.7534   -0.8276 C    0  0  0  0  0  0  0  0  0  0  0  0
    2.4468    4.1523   -2.0795 C    0  0  0  0  0  0  0  0  0  0  0  0
    2.6807    2.7935   -2.2237 C    0  0  0  0  0  0  0  0  0  0  0  0
    3.6166   -0.2840   -0.1138 C    0  0  0  0  0  0  0  0  0  0  0  0
    4.9442   -0.6452    0.1086 C    0  0  0  0  0  0  0  0  0  0  0  0
    5.2858   -1.4801    1.1651 C    0  0  0  0  0  0  0  0  0  0  0  0
    4.2851   -1.9586    2.0036 C    0  0  0  0  0  0  0  0  0  0  0  0
    2.9569   -1.6027    1.8009 C    0  0  0  0  0  0  0  0  0  0  0  0
    2.6084   -0.7635    0.7394 C    0  0  0  0  0  0  0  0  0  0  0  0
    1.2707   -0.3571    0.4979 N    0  0  0  0  0  0  0  0  0  0  0  0
    0.1299   -1.0580    0.8350 C    0  0  0  0  0  0  0  0  0  0  0  0
    0.1595   -2.0919    1.5497 O    0  0  0  0  0  0  0  0  0  0  0  0
   -1.0506   -0.5535    0.3530 N    0  0  0  0  0  0  0  0  0  0  0  0
   -2.3130   -1.1475    0.8208 C    0  0  0  0  0  0  0  0  0  0  0  0
   -2.9374   -2.0917   -0.1830 C    0  0  0  0  0  0  0  0  0  0  0  0
   -4.2004   -1.8328   -0.7152 C    0  0  0  0  0  0  0  0  0  0  0  0
   -4.7775   -2.7075   -1.6349 C    0  0  0  0  0  0  0  0  0  0  0  0
   -4.0919   -3.8502   -2.0324 C    0  0  0  0  0  0  0  0  0  0  0  0
   -2.8285   -4.1167   -1.5049 C    0  0  0  0  0  0  0  0  0  0  0  0
   -2.2557   -3.2446   -0.5865 C    0  0  0  0  0  0  0  0  0  0  0  0
   -1.1523    0.4778   -0.6757 C    0  0  0  0  0  0  0  0  0  0  0  0
   -1.2881    1.8980   -0.1520 C    0  0  0  0  0  0  0  0  0  0  0  0
   -1.5011    2.9362   -1.0640 C    0  0  0  0  0  0  0  0  0  0  0  0
   -1.6382    4.2474   -0.6249 C    0  0  0  0  0  0  0  0  0  0  0  0
   -1.5661    4.5405    0.7363 C    0  0  0  0  0  0  0  0  0  0  0  0
   -1.3549    3.5132    1.6488 C    0  0  0  0  0  0  0  0  0  0  0  0
   -1.2163    2.1981    1.2067 C    0  0  0  0  0  0  0  0  0  0  0  0
    3.4858    2.0442    0.9932 H    0  0  0  0  0  0  0  0  0  0  0  0
    3.0564    4.4597    1.2459 H    0  0  0  0  0  0  0  0  0  0  0  0
    2.3958    5.8121   -0.7156 H    0  0  0  0  0  0  0  0  0  0  0  0
    2.1608    4.7447   -2.9362 H    0  0  0  0  0  0  0  0  0  0  0  0
    2.5860    2.3107   -3.1848 H    0  0  0  0  0  0  0  0  0  0  0  0
    5.7088   -0.2735   -0.5592 H    0  0  0  0  0  0  0  0  0  0  0  0
    6.3174   -1.7562    1.3262 H    0  0  0  0  0  0  0  0  0  0  0  0
    4.5342   -2.6107    2.8284 H    0  0  0  0  0  0  0  0  0  0  0  0
    2.1813   -1.9818    2.4411 H    0  0  0  0  0  0  0  0  0  0  0  0
    1.1530    0.5342    0.0461 H    0  0  0  0  0  0  0  0  0  0  0  0
   -2.0956   -1.6714    1.7469 H    0  0  0  0  0  0  0  0  0  0  0  0
   -3.0043   -0.3351    1.0456 H    0  0  0  0  0  0  0  0  0  0  0  0
   -4.7362   -0.9440   -0.4078 H    0  0  0  0  0  0  0  0  0  0  0  0
   -5.7570   -2.4938   -2.0393 H    0  0  0  0  0  0  0  0  0  0  0  0
   -4.5361   -4.5297   -2.7460 H    0  0  0  0  0  0  0  0  0  0  0  0
   -2.2931   -5.0058   -1.8072 H    0  0  0  0  0  0  0  0  0  0  0  0
   -1.2815   -3.4545   -0.1675 H    0  0  0  0  0  0  0  0  0  0  0  0
   -2.0244    0.2367   -1.2847 H    0  0  0  0  0  0  0  0  0  0  0  0
   -0.3032    0.4027   -1.3565 H    0  0  0  0  0  0  0  0  0  0  0  0
   -1.5610    2.7141   -2.1219 H    0  0  0  0  0  0  0  0  0  0  0  0
   -1.8031    5.0397   -1.3415 H    0  0  0  0  0  0  0  0  0  0  0  0
   -1.6751    5.5596    1.0792 H    0  0  0  0  0  0  0  0  0  0  0  0
   -1.2990    3.7304    2.7063 H    0  0  0  0  0  0  0  0  0  0  0  0
   -1.0566    1.4033    1.9211 H    0  0  0  0  0  0  0  0  0  0  0  0
  1  2  2  0
  2  3  1  0
  3  4  2  0
  4  5  1  0
  5  6  2  0
  6  7  1  0
  7  8  2  0
  2  9  1  0
  9 10  2  0
 10 11  1  0
 11 12  2  0
 12 13  1  0
 13 14  2  0
 14 15  1  0
 15 16  1  0
 16 17  2  0
 16 18  1  0
 18 19  1  0
 19 20  1  0
 20 21  2  0
 21 22  1  0
 22 23  2  0
 23 24  1  0
 24 25  2  0
 18 26  1  0
 26 27  1  0
 27 28  2  0
 28 29  1  0
 29 30  2  0
 30 31  1  0
 31 32  2  0
  8  3  1  0
 14  9  1  0
 25 20  1  0
 32 27  1  0
  4 33  1  0
  5 34  1  0
  6 35  1  0
  7 36  1  0
  8 37  1  0
 10 38  1  0
 11 39  1  0
 12 40  1  0
 13 41  1  0
 15 42  1  0
 19 43  1  0
 19 44  1  0
 21 45  1  0
 22 46  1  0
 23 47  1  0
 24 48  1  0
 25 49  1  0
 26 50  1  0
 26 51  1  0
 28 52  1  0
 29 53  1  0
 30 54  1  0
 31 55  1  0
 32 56  1  0
M  END
