
     RDKit          2D

 19 19  0  0  0  0  0  0  0  0999 V2000
    2.4869   -1.2117    0.6228 C    0  0  0  0  0  0  0  0  0  0  0  0
    1.6097   -0.0237    0.3901 C    0  0  0  0  0  0  0  0  0  0  0  0
    2.1837    1.1276    0.4858 O    0  0  0  0  0  0  0  0  0  0  0  0
    0.2181   -0.1019    0.0516 C    0  0  0  0  0  0  0  0  0  0  0  0
   -0.4668   -1.3233   -0.1614 C    0  0  0  0  0  0  0  0  0  0  0  0
   -1.7945   -1.3352   -0.5059 C    0  0  0  0  0  0  0  0  0  0  0  0
   -2.4948   -0.1122   -0.6479 C    0  0  0  0  0  0  0  0  0  0  0  0
   -1.8789    1.0959   -0.4525 C    0  0  0  0  0  0  0  0  0  0  0  0
   -0.4990    1.1348   -0.1040 C    0  0  0  0  0  0  0  0  0  0  0  0
    0.1946    2.2644    0.0984 N    0  0  0  0  0  0  0  0  0  0  0  0
    3.3253   -0.9133    1.2460 H    0  0  0  0  0  0  0  0  0  0  0  0
    1.9619   -2.0358    1.0964 H    0  0  0  0  0  0  0  0  0  0  0  0
    2.8872   -1.5690   -0.3283 H    0  0  0  0  0  0  0  0  0  0  0  0
    0.0681   -2.2566   -0.0622 H    0  0  0  0  0  0  0  0  0  0  0  0
   -2.3064   -2.2706   -0.6732 H    0  0  0  0  0  0  0  0  0  0  0  0
   -3.5429   -0.1326   -0.9137 H    0  0  0  0  0  0  0  0  0  0  0  0
   -2.4203    2.0260   -0.5587 H    0  0  0  0  0  0  0  0  0  0  0  0
   -0.2694    3.1538    0.0077 H    0  0  0  0  0  0  0  0  0  0  0  0
    1.2660    1.9725    0.4228 H    0  0  0  0  0  0  0  0  0  0  0  0
  1  2  1  0
  2  3  2  0
  2  4  1  0
  4  5  2  0
  5  6  1  0
  6  7  2  0
  7  8  1  0
  8  9  2  0
  9 10  1  0
  9  4  1  0
  1 11  1  0
  1 12  1  0
  1 13  1  0
  5 14  1  0
  6 15  1  0
  7 16  1  0
  8 17  1  0
 10 18  1  0
 10 19  1  0
M  END
