
     RDKit          2D

 19 19  0  0  0  0  0  0  0  0999 V2000
    2.3841   -1.2463    0.7546 C    0  0  0  0  0  0  0  0  0  0  0  0
    1.6904   -0.0045    0.2572 C    0  0  0  0  0  0  0  0  0  0  0  0
    2.3364    1.0699    0.1556 O    0  0  0  0  0  0  0  0  0  0  0  0
    0.2587   -0.0449   -0.0509 C    0  0  0  0  0  0  0  0  0  0  0  0
   -0.3928   -1.2628   -0.3276 C    0  0  0  0  0  0  0  0  0  0  0  0
   -1.7413   -1.3561   -0.6110 C    0  0  0  0  0  0  0  0  0  0  0  0
   -2.4690   -0.1559   -0.5735 C    0  0  0  0  0  0  0  0  0  0  0  0
   -1.8892    1.0659   -0.3059 C    0  0  0  0  0  0  0  0  0  0  0  0
   -0.4939    1.1663   -0.0738 C    0  0  0  0  0  0  0  0  0  0  0  0
    0.0984    2.3826    0.1003 N    0  0  0  0  0  0  0  0  0  0  0  0
    3.2350   -0.9440    1.3587 H    0  0  0  0  0  0  0  0  0  0  0  0
    1.7283   -1.8909    1.3315 H    0  0  0  0  0  0  0  0  0  0  0  0
    2.7706   -1.8291   -0.0850 H    0  0  0  0  0  0  0  0  0  0  0  0
    0.1958   -2.1688   -0.3141 H    0  0  0  0  0  0  0  0  0  0  0  0
   -2.2107   -2.3037   -0.8300 H    0  0  0  0  0  0  0  0  0  0  0  0
   -3.5325   -0.1839   -0.7684 H    0  0  0  0  0  0  0  0  0  0  0  0
   -2.4823    1.9708   -0.3017 H    0  0  0  0  0  0  0  0  0  0  0  0
   -0.4547    3.2204    0.1005 H    0  0  0  0  0  0  0  0  0  0  0  0
    1.1098    2.3871    0.1718 H    0  0  0  0  0  0  0  0  0  0  0  0
  1  2  1  0
  2  3  2  0
  2  4  1  0
  4  5  2  0
  5  6  1  0
  6  7  2  0
  7  8  1  0
  8  9  2  0
  9 10  1  0
  9  4  1  0
  1 11  1  0
  1 12  1  0
  1 13  1  0
  5 14  1  0
  6 15  1  0
  7 16  1  0
  8 17  1  0
 10 18  1  0
 10 19  1  0
M  END
