
     RDKit          2D

 19 19  0  0  0  0  0  0  0  0999 V2000
    2.4684   -1.2342    0.5993 C    0  0  0  0  0  0  0  0  0  0  0  0
    1.5890   -0.0407    0.4335 C    0  0  0  0  0  0  0  0  0  0  0  0
    2.1980    1.1006    0.6704 O    0  0  0  0  0  0  0  0  0  0  0  0
    0.2267   -0.0781    0.0627 C    0  0  0  0  0  0  0  0  0  0  0  0
   -0.4585   -1.3102   -0.1568 C    0  0  0  0  0  0  0  0  0  0  0  0
   -1.7803   -1.3417   -0.4936 C    0  0  0  0  0  0  0  0  0  0  0  0
   -2.4989   -0.1197   -0.6280 C    0  0  0  0  0  0  0  0  0  0  0  0
   -1.8909    1.0867   -0.4463 C    0  0  0  0  0  0  0  0  0  0  0  0
   -0.4963    1.1695   -0.1148 C    0  0  0  0  0  0  0  0  0  0  0  0
    0.1735    2.3076    0.0192 N    0  0  0  0  0  0  0  0  0  0  0  0
    3.2840   -0.9822    1.2715 H    0  0  0  0  0  0  0  0  0  0  0  0
    1.9387   -2.0977    0.9891 H    0  0  0  0  0  0  0  0  0  0  0  0
    2.9023   -1.5115   -0.3637 H    0  0  0  0  0  0  0  0  0  0  0  0
    0.0814   -2.2390   -0.0482 H    0  0  0  0  0  0  0  0  0  0  0  0
   -2.2851   -2.2827   -0.6526 H    0  0  0  0  0  0  0  0  0  0  0  0
   -3.5493   -0.1517   -0.8840 H    0  0  0  0  0  0  0  0  0  0  0  0
   -2.4434    2.0088   -0.5628 H    0  0  0  0  0  0  0  0  0  0  0  0
   -0.3393    3.1720   -0.0911 H    0  0  0  0  0  0  0  0  0  0  0  0
    1.5480    1.8960    0.4528 H    0  0  0  0  0  0  0  0  0  0  0  0
  1  2  1  0
  2  3  2  0
  2  4  1  0
  4  5  2  0
  5  6  1  0
  6  7  2  0
  7  8  1  0
  8  9  2  0
  9 10  1  0
  9  4  1  0
  1 11  1  0
  1 12  1  0
  1 13  1  0
  5 14  1  0
  6 15  1  0
  7 16  1  0
  8 17  1  0
 10 18  1  0
 10 19  1  0
M  END
