
     RDKit          2D

 19 19  0  0  0  0  0  0  0  0999 V2000
    2.4439   -1.2066    0.7572 C    0  0  0  0  0  0  0  0  0  0  0  0
    1.6545   -0.0184    0.2850 C    0  0  0  0  0  0  0  0  0  0  0  0
    2.2621    1.0946    0.2500 O    0  0  0  0  0  0  0  0  0  0  0  0
    0.2413   -0.1027   -0.0474 C    0  0  0  0  0  0  0  0  0  0  0  0
   -0.4094   -1.3214   -0.3310 C    0  0  0  0  0  0  0  0  0  0  0  0
   -1.7611   -1.3064   -0.6077 C    0  0  0  0  0  0  0  0  0  0  0  0
   -2.5285   -0.1247   -0.5839 C    0  0  0  0  0  0  0  0  0  0  0  0
   -1.9069    1.0732   -0.3118 C    0  0  0  0  0  0  0  0  0  0  0  0
   -0.5030    1.1162   -0.0809 C    0  0  0  0  0  0  0  0  0  0  0  0
    0.1640    2.2954    0.0850 N    0  0  0  0  0  0  0  0  0  0  0  0
    3.2625   -0.8548    1.3846 H    0  0  0  0  0  0  0  0  0  0  0  0
    1.8293   -1.9140    1.3091 H    0  0  0  0  0  0  0  0  0  0  0  0
    2.8870   -1.7340   -0.0940 H    0  0  0  0  0  0  0  0  0  0  0  0
    0.1457   -2.2495   -0.3235 H    0  0  0  0  0  0  0  0  0  0  0  0
   -2.2526   -2.2405   -0.8342 H    0  0  0  0  0  0  0  0  0  0  0  0
   -3.5919   -0.1494   -0.7858 H    0  0  0  0  0  0  0  0  0  0  0  0
   -2.4673    1.9988   -0.3081 H    0  0  0  0  0  0  0  0  0  0  0  0
   -0.2733    3.2060    0.1027 H    0  0  0  0  0  0  0  0  0  0  0  0
    1.0841    2.1686    0.1087 H    0  0  0  0  0  0  0  0  0  0  0  0
  1  2  1  0
  2  3  2  0
  2  4  1  0
  4  5  2  0
  5  6  1  0
  6  7  2  0
  7  8  1  0
  8  9  2  0
  9 10  1  0
  9  4  1  0
  1 11  1  0
  1 12  1  0
  1 13  1  0
  5 14  1  0
  6 15  1  0
  7 16  1  0
  8 17  1  0
 10 18  1  0
 10 19  1  0
M  END
