
     RDKit          2D

 19 19  0  0  0  0  0  0  0  0999 V2000
    2.4785   -1.2237    0.6058 C    0  0  0  0  0  0  0  0  0  0  0  0
    1.5849   -0.0433    0.4291 C    0  0  0  0  0  0  0  0  0  0  0  0
    2.1121    1.1527    0.6297 O    0  0  0  0  0  0  0  0  0  0  0  0
    0.2392   -0.1089    0.0652 C    0  0  0  0  0  0  0  0  0  0  0  0
   -0.4639   -1.3347   -0.1598 C    0  0  0  0  0  0  0  0  0  0  0  0
   -1.7829   -1.3403   -0.4972 C    0  0  0  0  0  0  0  0  0  0  0  0
   -2.4864   -0.1041   -0.6279 C    0  0  0  0  0  0  0  0  0  0  0  0
   -1.8640    1.0908   -0.4390 C    0  0  0  0  0  0  0  0  0  0  0  0
   -0.4647    1.1533   -0.1040 C    0  0  0  0  0  0  0  0  0  0  0  0
    0.2223    2.2760    0.0470 N    0  0  0  0  0  0  0  0  0  0  0  0
    3.2936   -0.9542    1.2720 H    0  0  0  0  0  0  0  0  0  0  0  0
    1.9609   -2.0888    1.0084 H    0  0  0  0  0  0  0  0  0  0  0  0
    2.9123   -1.5088   -0.3550 H    0  0  0  0  0  0  0  0  0  0  0  0
    0.0622   -2.2722   -0.0559 H    0  0  0  0  0  0  0  0  0  0  0  0
   -2.3028   -2.2721   -0.6612 H    0  0  0  0  0  0  0  0  0  0  0  0
   -3.5368   -0.1212   -0.8852 H    0  0  0  0  0  0  0  0  0  0  0  0
   -2.4030    2.0216   -0.5493 H    0  0  0  0  0  0  0  0  0  0  0  0
   -0.2971    3.1390   -0.0621 H    0  0  0  0  0  0  0  0  0  0  0  0
    1.4342    1.8524    0.4040 H    0  0  0  0  0  0  0  0  0  0  0  0
  1  2  1  0
  2  3  2  0
  2  4  1  0
  4  5  2  0
  5  6  1  0
  6  7  2  0
  7  8  1  0
  8  9  2  0
  9 10  1  0
  9  4  1  0
  1 11  1  0
  1 12  1  0
  1 13  1  0
  5 14  1  0
  6 15  1  0
  7 16  1  0
  8 17  1  0
 10 18  1  0
 10 19  1  0
M  END
