
     RDKit          2D

 19 19  0  0  0  0  0  0  0  0999 V2000
    2.4719   -1.2177    0.6224 C    0  0  0  0  0  0  0  0  0  0  0  0
    1.5971   -0.0211    0.4340 C    0  0  0  0  0  0  0  0  0  0  0  0
    2.1341    1.1390    0.6465 O    0  0  0  0  0  0  0  0  0  0  0  0
    0.2219   -0.0922    0.0545 C    0  0  0  0  0  0  0  0  0  0  0  0
   -0.4568   -1.3164   -0.1746 C    0  0  0  0  0  0  0  0  0  0  0  0
   -1.7852   -1.3428   -0.5099 C    0  0  0  0  0  0  0  0  0  0  0  0
   -2.4964   -0.1205   -0.6232 C    0  0  0  0  0  0  0  0  0  0  0  0
   -1.8801    1.0853   -0.4249 C    0  0  0  0  0  0  0  0  0  0  0  0
   -0.4929    1.1489   -0.1012 C    0  0  0  0  0  0  0  0  0  0  0  0
    0.2077    2.2773    0.0564 N    0  0  0  0  0  0  0  0  0  0  0  0
    3.2818   -0.9584    1.2986 H    0  0  0  0  0  0  0  0  0  0  0  0
    1.9320   -2.0731    1.0176 H    0  0  0  0  0  0  0  0  0  0  0  0
    2.9134   -1.5104   -0.3325 H    0  0  0  0  0  0  0  0  0  0  0  0
    0.0854   -2.2459   -0.0774 H    0  0  0  0  0  0  0  0  0  0  0  0
   -2.2914   -2.2807   -0.6812 H    0  0  0  0  0  0  0  0  0  0  0  0
   -3.5476   -0.1437   -0.8768 H    0  0  0  0  0  0  0  0  0  0  0  0
   -2.4288    2.0115   -0.5262 H    0  0  0  0  0  0  0  0  0  0  0  0
   -0.2411    3.1776   -0.0149 H    0  0  0  0  0  0  0  0  0  0  0  0
    1.3409    1.9374    0.2333 H    0  0  0  0  0  0  0  0  0  0  0  0
  1  2  1  0
  2  3  2  0
  2  4  1  0
  4  5  2  0
  5  6  1  0
  6  7  2  0
  7  8  1  0
  8  9  2  0
  9 10  1  0
  9  4  1  0
  1 11  1  0
  1 12  1  0
  1 13  1  0
  5 14  1  0
  6 15  1  0
  7 16  1  0
  8 17  1  0
 10 18  1  0
 10 19  1  0
M  END
