
     RDKit          2D

 19 19  0  0  0  0  0  0  0  0999 V2000
    2.4852   -1.2192    0.6005 C    0  0  0  0  0  0  0  0  0  0  0  0
    1.5909   -0.0354    0.4362 C    0  0  0  0  0  0  0  0  0  0  0  0
    2.0873    1.1499    0.6531 O    0  0  0  0  0  0  0  0  0  0  0  0
    0.2323   -0.1070    0.0636 C    0  0  0  0  0  0  0  0  0  0  0  0
   -0.4640   -1.3291   -0.1580 C    0  0  0  0  0  0  0  0  0  0  0  0
   -1.7885   -1.3415   -0.4939 C    0  0  0  0  0  0  0  0  0  0  0  0
   -2.4858   -0.1088   -0.6215 C    0  0  0  0  0  0  0  0  0  0  0  0
   -1.8585    1.0896   -0.4374 C    0  0  0  0  0  0  0  0  0  0  0  0
   -0.4658    1.1508   -0.1085 C    0  0  0  0  0  0  0  0  0  0  0  0
    0.2365    2.2786    0.0277 N    0  0  0  0  0  0  0  0  0  0  0  0
    3.2964   -0.9580    1.2750 H    0  0  0  0  0  0  0  0  0  0  0  0
    1.9646   -2.0897    0.9878 H    0  0  0  0  0  0  0  0  0  0  0  0
    2.9235   -1.4886   -0.3623 H    0  0  0  0  0  0  0  0  0  0  0  0
    0.0650   -2.2647   -0.0521 H    0  0  0  0  0  0  0  0  0  0  0  0
   -2.3068   -2.2741   -0.6561 H    0  0  0  0  0  0  0  0  0  0  0  0
   -3.5373   -0.1237   -0.8768 H    0  0  0  0  0  0  0  0  0  0  0  0
   -2.3982    2.0197   -0.5514 H    0  0  0  0  0  0  0  0  0  0  0  0
   -0.2463    3.1600   -0.0759 H    0  0  0  0  0  0  0  0  0  0  0  0
    1.3021    1.8752    0.3934 H    0  0  0  0  0  0  0  0  0  0  0  0
  1  2  1  0
  2  3  2  0
  2  4  1  0
  4  5  2  0
  5  6  1  0
  6  7  2  0
  7  8  1  0
  8  9  2  0
  9 10  1  0
  9  4  1  0
  1 11  1  0
  1 12  1  0
  1 13  1  0
  5 14  1  0
  6 15  1  0
  7 16  1  0
  8 17  1  0
 10 18  1  0
 10 19  1  0
M  END
