
     RDKit          2D

 19 19  0  0  0  0  0  0  0  0999 V2000
    2.3792   -1.2507    0.7531 C    0  0  0  0  0  0  0  0  0  0  0  0
    1.6942   -0.0034    0.2557 C    0  0  0  0  0  0  0  0  0  0  0  0
    2.3476    1.0644    0.1505 O    0  0  0  0  0  0  0  0  0  0  0  0
    0.2602   -0.0377   -0.0503 C    0  0  0  0  0  0  0  0  0  0  0  0
   -0.3896   -1.2567   -0.3255 C    0  0  0  0  0  0  0  0  0  0  0  0
   -1.7376   -1.3580   -0.6096 C    0  0  0  0  0  0  0  0  0  0  0  0
   -2.4654   -0.1587   -0.5733 C    0  0  0  0  0  0  0  0  0  0  0  0
   -1.8893    1.0654   -0.3070 C    0  0  0  0  0  0  0  0  0  0  0  0
   -0.4953    1.1715   -0.0739 C    0  0  0  0  0  0  0  0  0  0  0  0
    0.0865    2.3925    0.1011 N    0  0  0  0  0  0  0  0  0  0  0  0
    3.2336   -0.9542    1.3549 H    0  0  0  0  0  0  0  0  0  0  0  0
    1.7202   -1.8899    1.3322 H    0  0  0  0  0  0  0  0  0  0  0  0
    2.7593   -1.8372   -0.0868 H    0  0  0  0  0  0  0  0  0  0  0  0
    0.2020   -2.1606   -0.3110 H    0  0  0  0  0  0  0  0  0  0  0  0
   -2.2042   -2.3074   -0.8273 H    0  0  0  0  0  0  0  0  0  0  0  0
   -3.5288   -0.1886   -0.7682 H    0  0  0  0  0  0  0  0  0  0  0  0
   -2.4857    1.9682   -0.3037 H    0  0  0  0  0  0  0  0  0  0  0  0
   -0.4739    3.2251    0.0998 H    0  0  0  0  0  0  0  0  0  0  0  0
    1.0930    2.4236    0.1809 H    0  0  0  0  0  0  0  0  0  0  0  0
  1  2  1  0
  2  3  2  0
  2  4  1  0
  4  5  2  0
  5  6  1  0
  6  7  2  0
  7  8  1  0
  8  9  2  0
  9 10  1  0
  9  4  1  0
  1 11  1  0
  1 12  1  0
  1 13  1  0
  5 14  1  0
  6 15  1  0
  7 16  1  0
  8 17  1  0
 10 18  1  0
 10 19  1  0
M  END
