
     RDKit          2D

 19 19  0  0  0  0  0  0  0  0999 V2000
    2.4364   -1.2053    0.7583 C    0  0  0  0  0  0  0  0  0  0  0  0
    1.6501   -0.0179    0.2812 C    0  0  0  0  0  0  0  0  0  0  0  0
    2.2548    1.1024    0.2391 O    0  0  0  0  0  0  0  0  0  0  0  0
    0.2412   -0.1012   -0.0490 C    0  0  0  0  0  0  0  0  0  0  0  0
   -0.4155   -1.3190   -0.3346 C    0  0  0  0  0  0  0  0  0  0  0  0
   -1.7653   -1.3268   -0.6134 C    0  0  0  0  0  0  0  0  0  0  0  0
   -2.5119   -0.1305   -0.5804 C    0  0  0  0  0  0  0  0  0  0  0  0
   -1.9036    1.0740   -0.3080 C    0  0  0  0  0  0  0  0  0  0  0  0
   -0.4973    1.1233   -0.0782 C    0  0  0  0  0  0  0  0  0  0  0  0
    0.1755    2.2996    0.0875 N    0  0  0  0  0  0  0  0  0  0  0  0
    3.2556   -0.8522    1.3853 H    0  0  0  0  0  0  0  0  0  0  0  0
    1.8193   -1.9098    1.3120 H    0  0  0  0  0  0  0  0  0  0  0  0
    2.8799   -1.7373   -0.0905 H    0  0  0  0  0  0  0  0  0  0  0  0
    0.1442   -2.2439   -0.3266 H    0  0  0  0  0  0  0  0  0  0  0  0
   -2.2578   -2.2610   -0.8407 H    0  0  0  0  0  0  0  0  0  0  0  0
   -3.5753   -0.1517   -0.7806 H    0  0  0  0  0  0  0  0  0  0  0  0
   -2.4703    1.9961   -0.3036 H    0  0  0  0  0  0  0  0  0  0  0  0
   -0.2551    3.2162    0.1077 H    0  0  0  0  0  0  0  0  0  0  0  0
    1.1106    2.1398    0.1050 H    0  0  0  0  0  0  0  0  0  0  0  0
  1  2  1  0
  2  3  2  0
  2  4  1  0
  4  5  2  0
  5  6  1  0
  6  7  2  0
  7  8  1  0
  8  9  2  0
  9 10  1  0
  9  4  1  0
  1 11  1  0
  1 12  1  0
  1 13  1  0
  5 14  1  0
  6 15  1  0
  7 16  1  0
  8 17  1  0
 10 18  1  0
 10 19  1  0
M  END
