
     RDKit          2D

 19 19  0  0  0  0  0  0  0  0999 V2000
    2.4468   -1.2150    0.7510 C    0  0  0  0  0  0  0  0  0  0  0  0
    1.6580   -0.0190    0.2953 C    0  0  0  0  0  0  0  0  0  0  0  0
    2.2708    1.0867    0.2806 O    0  0  0  0  0  0  0  0  0  0  0  0
    0.2419   -0.0985   -0.0426 C    0  0  0  0  0  0  0  0  0  0  0  0
   -0.4015   -1.3199   -0.3230 C    0  0  0  0  0  0  0  0  0  0  0  0
   -1.7543   -1.2895   -0.5985 C    0  0  0  0  0  0  0  0  0  0  0  0
   -2.5412   -0.1221   -0.5850 C    0  0  0  0  0  0  0  0  0  0  0  0
   -1.9095    1.0715   -0.3164 C    0  0  0  0  0  0  0  0  0  0  0  0
   -0.5078    1.1156   -0.0841 C    0  0  0  0  0  0  0  0  0  0  0  0
    0.1479    2.3011    0.0777 N    0  0  0  0  0  0  0  0  0  0  0  0
    3.2647   -0.8732    1.3838 H    0  0  0  0  0  0  0  0  0  0  0  0
    1.8321   -1.9292    1.2927 H    0  0  0  0  0  0  0  0  0  0  0  0
    2.8894   -1.7300   -0.1073 H    0  0  0  0  0  0  0  0  0  0  0  0
    0.1514   -2.2494   -0.3139 H    0  0  0  0  0  0  0  0  0  0  0  0
   -2.2429   -2.2251   -0.8230 H    0  0  0  0  0  0  0  0  0  0  0  0
   -3.6043   -0.1518   -0.7885 H    0  0  0  0  0  0  0  0  0  0  0  0
   -2.4669    1.9987   -0.3162 H    0  0  0  0  0  0  0  0  0  0  0  0
   -0.3104    3.1987    0.0899 H    0  0  0  0  0  0  0  0  0  0  0  0
    1.0809    2.2167    0.1046 H    0  0  0  0  0  0  0  0  0  0  0  0
  1  2  1  0
  2  3  2  0
  2  4  1  0
  4  5  2  0
  5  6  1  0
  6  7  2  0
  7  8  1  0
  8  9  2  0
  9 10  1  0
  9  4  1  0
  1 11  1  0
  1 12  1  0
  1 13  1  0
  5 14  1  0
  6 15  1  0
  7 16  1  0
  8 17  1  0
 10 18  1  0
 10 19  1  0
M  END
