
     RDKit          2D

 19 19  0  0  0  0  0  0  0  0999 V2000
    2.4341   -1.2330    0.7452 C    0  0  0  0  0  0  0  0  0  0  0  0
    1.6641   -0.0191    0.2991 C    0  0  0  0  0  0  0  0  0  0  0  0
    2.2728    1.0927    0.2798 O    0  0  0  0  0  0  0  0  0  0  0  0
    0.2496   -0.0862   -0.0387 C    0  0  0  0  0  0  0  0  0  0  0  0
   -0.4033   -1.3083   -0.3180 C    0  0  0  0  0  0  0  0  0  0  0  0
   -1.7549   -1.3155   -0.5976 C    0  0  0  0  0  0  0  0  0  0  0  0
   -2.5190   -0.1328   -0.5803 C    0  0  0  0  0  0  0  0  0  0  0  0
   -1.9017    1.0714   -0.3169 C    0  0  0  0  0  0  0  0  0  0  0  0
   -0.4975    1.1339   -0.0831 C    0  0  0  0  0  0  0  0  0  0  0  0
    0.1464    2.3369    0.0784 N    0  0  0  0  0  0  0  0  0  0  0  0
    3.2603   -0.9063    1.3813 H    0  0  0  0  0  0  0  0  0  0  0  0
    1.8067   -1.9417    1.2863 H    0  0  0  0  0  0  0  0  0  0  0  0
    2.8675   -1.7504   -0.1201 H    0  0  0  0  0  0  0  0  0  0  0  0
    0.1559   -2.2331   -0.3053 H    0  0  0  0  0  0  0  0  0  0  0  0
   -2.2416   -2.2544   -0.8197 H    0  0  0  0  0  0  0  0  0  0  0  0
   -3.5823   -0.1607   -0.7823 H    0  0  0  0  0  0  0  0  0  0  0  0
   -2.4708    1.9923   -0.3208 H    0  0  0  0  0  0  0  0  0  0  0  0
   -0.3685    3.2114    0.0825 H    0  0  0  0  0  0  0  0  0  0  0  0
    1.0939    2.3062    0.1117 H    0  0  0  0  0  0  0  0  0  0  0  0
  1  2  1  0
  2  3  2  0
  2  4  1  0
  4  5  2  0
  5  6  1  0
  6  7  2  0
  7  8  1  0
  8  9  2  0
  9 10  1  0
  9  4  1  0
  1 11  1  0
  1 12  1  0
  1 13  1  0
  5 14  1  0
  6 15  1  0
  7 16  1  0
  8 17  1  0
 10 18  1  0
 10 19  1  0
M  END
