
     RDKit          2D

 19 19  0  0  0  0  0  0  0  0999 V2000
    2.4539   -1.2283    0.6217 C    0  0  0  0  0  0  0  0  0  0  0  0
    1.6094   -0.0085    0.4241 C    0  0  0  0  0  0  0  0  0  0  0  0
    2.1580    1.1381    0.6099 O    0  0  0  0  0  0  0  0  0  0  0  0
    0.2235   -0.0754    0.0507 C    0  0  0  0  0  0  0  0  0  0  0  0
   -0.4417   -1.3039   -0.1745 C    0  0  0  0  0  0  0  0  0  0  0  0
   -1.7726   -1.3470   -0.5094 C    0  0  0  0  0  0  0  0  0  0  0  0
   -2.4911   -0.1344   -0.6225 C    0  0  0  0  0  0  0  0  0  0  0  0
   -1.8800    1.0778   -0.4240 C    0  0  0  0  0  0  0  0  0  0  0  0
   -0.4973    1.1565   -0.1031 C    0  0  0  0  0  0  0  0  0  0  0  0
    0.1866    2.3042    0.0571 N    0  0  0  0  0  0  0  0  0  0  0  0
    3.2724   -0.9811    1.2917 H    0  0  0  0  0  0  0  0  0  0  0  0
    1.8947   -2.0660    1.0284 H    0  0  0  0  0  0  0  0  0  0  0  0
    2.8846   -1.5416   -0.3317 H    0  0  0  0  0  0  0  0  0  0  0  0
    0.1105   -2.2275   -0.0784 H    0  0  0  0  0  0  0  0  0  0  0  0
   -2.2685   -2.2906   -0.6802 H    0  0  0  0  0  0  0  0  0  0  0  0
   -3.5424   -0.1633   -0.8748 H    0  0  0  0  0  0  0  0  0  0  0  0
   -2.4375    1.9985   -0.5243 H    0  0  0  0  0  0  0  0  0  0  0  0
   -0.2221    3.2220   -0.0036 H    0  0  0  0  0  0  0  0  0  0  0  0
    1.2526    1.9968    0.2431 H    0  0  0  0  0  0  0  0  0  0  0  0
  1  2  1  0
  2  3  2  0
  2  4  1  0
  4  5  2  0
  5  6  1  0
  6  7  2  0
  7  8  1  0
  8  9  2  0
  9 10  1  0
  9  4  1  0
  1 11  1  0
  1 12  1  0
  1 13  1  0
  5 14  1  0
  6 15  1  0
  7 16  1  0
  8 17  1  0
 10 18  1  0
 10 19  1  0
M  END
