
     RDKit          2D

 19 19  0  0  0  0  0  0  0  0999 V2000
    2.4289   -1.2437    0.7374 C    0  0  0  0  0  0  0  0  0  0  0  0
    1.6689   -0.0161    0.3087 C    0  0  0  0  0  0  0  0  0  0  0  0
    2.2822    1.0900    0.3028 O    0  0  0  0  0  0  0  0  0  0  0  0
    0.2521   -0.0756   -0.0334 C    0  0  0  0  0  0  0  0  0  0  0  0
   -0.3978   -1.2994   -0.3093 C    0  0  0  0  0  0  0  0  0  0  0  0
   -1.7497   -1.3160   -0.5904 C    0  0  0  0  0  0  0  0  0  0  0  0
   -2.5164   -0.1364   -0.5790 C    0  0  0  0  0  0  0  0  0  0  0  0
   -1.9005    1.0701   -0.3209 C    0  0  0  0  0  0  0  0  0  0  0  0
   -0.4984    1.1415   -0.0853 C    0  0  0  0  0  0  0  0  0  0  0  0
    0.1301    2.3528    0.0734 N    0  0  0  0  0  0  0  0  0  0  0  0
    3.2578   -0.9325    1.3771 H    0  0  0  0  0  0  0  0  0  0  0  0
    1.7968   -1.9544    1.2701 H    0  0  0  0  0  0  0  0  0  0  0  0
    2.8568   -1.7527   -0.1353 H    0  0  0  0  0  0  0  0  0  0  0  0
    0.1648   -2.2220   -0.2934 H    0  0  0  0  0  0  0  0  0  0  0  0
   -2.2320   -2.2579   -0.8096 H    0  0  0  0  0  0  0  0  0  0  0  0
   -3.5795   -0.1674   -0.7815 H    0  0  0  0  0  0  0  0  0  0  0  0
   -2.4729    1.9889   -0.3294 H    0  0  0  0  0  0  0  0  0  0  0  0
   -0.4018    3.2158    0.0741 H    0  0  0  0  0  0  0  0  0  0  0  0
    1.0879    2.3547    0.1093 H    0  0  0  0  0  0  0  0  0  0  0  0
  1  2  1  0
  2  3  2  0
  2  4  1  0
  4  5  2  0
  5  6  1  0
  6  7  2  0
  7  8  1  0
  8  9  2  0
  9 10  1  0
  9  4  1  0
  1 11  1  0
  1 12  1  0
  1 13  1  0
  5 14  1  0
  6 15  1  0
  7 16  1  0
  8 17  1  0
 10 18  1  0
 10 19  1  0
M  END
