
     RDKit          2D

 19 19  0  0  0  0  0  0  0  0999 V2000
    2.4732   -1.2222    0.5833 C    0  0  0  0  0  0  0  0  0  0  0  0
    1.5864   -0.0291    0.4406 C    0  0  0  0  0  0  0  0  0  0  0  0
    2.1391    1.1215    0.7047 O    0  0  0  0  0  0  0  0  0  0  0  0
    0.2196   -0.0914    0.0633 C    0  0  0  0  0  0  0  0  0  0  0  0
   -0.4602   -1.3210   -0.1513 C    0  0  0  0  0  0  0  0  0  0  0  0
   -1.7867   -1.3440   -0.4846 C    0  0  0  0  0  0  0  0  0  0  0  0
   -2.4973   -0.1207   -0.6190 C    0  0  0  0  0  0  0  0  0  0  0  0
   -1.8822    1.0874   -0.4477 C    0  0  0  0  0  0  0  0  0  0  0  0
   -0.4915    1.1514   -0.1238 C    0  0  0  0  0  0  0  0  0  0  0  0
    0.2163    2.2780   -0.0152 N    0  0  0  0  0  0  0  0  0  0  0  0
    3.2820   -0.9802    1.2675 H    0  0  0  0  0  0  0  0  0  0  0  0
    1.9452   -2.0982    0.9476 H    0  0  0  0  0  0  0  0  0  0  0  0
    2.9148   -1.4721   -0.3834 H    0  0  0  0  0  0  0  0  0  0  0  0
    0.0776   -2.2510   -0.0384 H    0  0  0  0  0  0  0  0  0  0  0  0
   -2.2968   -2.2824   -0.6400 H    0  0  0  0  0  0  0  0  0  0  0  0
   -3.5485   -0.1489   -0.8731 H    0  0  0  0  0  0  0  0  0  0  0  0
   -2.4274    2.0127   -0.5731 H    0  0  0  0  0  0  0  0  0  0  0  0
   -0.2468    3.1673   -0.1283 H    0  0  0  0  0  0  0  0  0  0  0  0
    1.3817    1.9633    0.5046 H    0  0  0  0  0  0  0  0  0  0  0  0
  1  2  1  0
  2  3  2  0
  2  4  1  0
  4  5  2  0
  5  6  1  0
  6  7  2  0
  7  8  1  0
  8  9  2  0
  9 10  1  0
  9  4  1  0
  1 11  1  0
  1 12  1  0
  1 13  1  0
  5 14  1  0
  6 15  1  0
  7 16  1  0
  8 17  1  0
 10 18  1  0
 10 19  1  0
M  END
