
     RDKit          2D

 19 19  0  0  0  0  0  0  0  0999 V2000
    2.3711   -1.2525    0.7497 C    0  0  0  0  0  0  0  0  0  0  0  0
    1.6994    0.0032    0.2523 C    0  0  0  0  0  0  0  0  0  0  0  0
    2.3496    1.0657    0.1315 O    0  0  0  0  0  0  0  0  0  0  0  0
    0.2608   -0.0274   -0.0485 C    0  0  0  0  0  0  0  0  0  0  0  0
   -0.3868   -1.2468   -0.3199 C    0  0  0  0  0  0  0  0  0  0  0  0
   -1.7341   -1.3628   -0.6065 C    0  0  0  0  0  0  0  0  0  0  0  0
   -2.4546   -0.1607   -0.5745 C    0  0  0  0  0  0  0  0  0  0  0  0
   -1.8841    1.0679   -0.3116 C    0  0  0  0  0  0  0  0  0  0  0  0
   -0.4947    1.1790   -0.0739 C    0  0  0  0  0  0  0  0  0  0  0  0
    0.0746    2.4053    0.1079 N    0  0  0  0  0  0  0  0  0  0  0  0
    3.2324   -0.9653    1.3455 H    0  0  0  0  0  0  0  0  0  0  0  0
    1.7083   -1.8821    1.3348 H    0  0  0  0  0  0  0  0  0  0  0  0
    2.7383   -1.8456   -0.0910 H    0  0  0  0  0  0  0  0  0  0  0  0
    0.2098   -2.1474   -0.3021 H    0  0  0  0  0  0  0  0  0  0  0  0
   -2.1985   -2.3139   -0.8212 H    0  0  0  0  0  0  0  0  0  0  0  0
   -3.5176   -0.1913   -0.7706 H    0  0  0  0  0  0  0  0  0  0  0  0
   -2.4840    1.9683   -0.3111 H    0  0  0  0  0  0  0  0  0  0  0  0
   -0.5304    3.2048    0.0958 H    0  0  0  0  0  0  0  0  0  0  0  0
    0.8596    2.5021    0.1945 H    0  0  0  0  0  0  0  0  0  0  0  0
  1  2  1  0
  2  3  2  0
  2  4  1  0
  4  5  2  0
  5  6  1  0
  6  7  2  0
  7  8  1  0
  8  9  2  0
  9 10  1  0
  9  4  1  0
  1 11  1  0
  1 12  1  0
  1 13  1  0
  5 14  1  0
  6 15  1  0
  7 16  1  0
  8 17  1  0
 10 18  1  0
 10 19  1  0
M  END
