
     RDKit          2D

 19 19  0  0  0  0  0  0  0  0999 V2000
    2.4729   -1.2260    0.6296 C    0  0  0  0  0  0  0  0  0  0  0  0
    1.6206   -0.0169    0.3958 C    0  0  0  0  0  0  0  0  0  0  0  0
    2.1794    1.1289    0.5099 O    0  0  0  0  0  0  0  0  0  0  0  0
    0.2248   -0.0930    0.0474 C    0  0  0  0  0  0  0  0  0  0  0  0
   -0.4536   -1.3129   -0.1742 C    0  0  0  0  0  0  0  0  0  0  0  0
   -1.7854   -1.3355   -0.5120 C    0  0  0  0  0  0  0  0  0  0  0  0
   -2.4920   -0.1188   -0.6342 C    0  0  0  0  0  0  0  0  0  0  0  0
   -1.8758    1.0914   -0.4340 C    0  0  0  0  0  0  0  0  0  0  0  0
   -0.4953    1.1379   -0.1036 C    0  0  0  0  0  0  0  0  0  0  0  0
    0.1873    2.2854    0.0789 N    0  0  0  0  0  0  0  0  0  0  0  0
    3.3035   -0.9474    1.2723 H    0  0  0  0  0  0  0  0  0  0  0  0
    1.9259   -2.0468    1.0838 H    0  0  0  0  0  0  0  0  0  0  0  0
    2.8869   -1.5787   -0.3173 H    0  0  0  0  0  0  0  0  0  0  0  0
    0.0874   -2.2432   -0.0833 H    0  0  0  0  0  0  0  0  0  0  0  0
   -2.2906   -2.2737   -0.6848 H    0  0  0  0  0  0  0  0  0  0  0  0
   -3.5424   -0.1402   -0.8907 H    0  0  0  0  0  0  0  0  0  0  0  0
   -2.4226    2.0191   -0.5319 H    0  0  0  0  0  0  0  0  0  0  0  0
   -0.3043    3.1574   -0.0046 H    0  0  0  0  0  0  0  0  0  0  0  0
    1.2345    2.0785    0.3425 H    0  0  0  0  0  0  0  0  0  0  0  0
  1  2  1  0
  2  3  2  0
  2  4  1  0
  4  5  2  0
  5  6  1  0
  6  7  2  0
  7  8  1  0
  8  9  2  0
  9 10  1  0
  9  4  1  0
  1 11  1  0
  1 12  1  0
  1 13  1  0
  5 14  1  0
  6 15  1  0
  7 16  1  0
  8 17  1  0
 10 18  1  0
 10 19  1  0
M  END
