
     RDKit          2D

 19 19  0  0  0  0  0  0  0  0999 V2000
    2.4420   -1.2285    0.6892 C    0  0  0  0  0  0  0  0  0  0  0  0
    1.6437   -0.0109    0.3347 C    0  0  0  0  0  0  0  0  0  0  0  0
    2.2347    1.1162    0.3707 O    0  0  0  0  0  0  0  0  0  0  0  0
    0.2341   -0.0770    0.0019 C    0  0  0  0  0  0  0  0  0  0  0  0
   -0.4256   -1.2964   -0.2500 C    0  0  0  0  0  0  0  0  0  0  0  0
   -1.7660   -1.3324   -0.5590 C    0  0  0  0  0  0  0  0  0  0  0  0
   -2.4987   -0.1287   -0.6035 C    0  0  0  0  0  0  0  0  0  0  0  0
   -1.8905    1.0812   -0.3691 C    0  0  0  0  0  0  0  0  0  0  0  0
   -0.5042    1.1396   -0.0917 C    0  0  0  0  0  0  0  0  0  0  0  0
    0.1719    2.2964    0.0789 N    0  0  0  0  0  0  0  0  0  0  0  0
    3.2653   -0.9274    1.3296 H    0  0  0  0  0  0  0  0  0  0  0  0
    1.8445   -1.9830    1.1919 H    0  0  0  0  0  0  0  0  0  0  0  0
    2.8696   -1.6787   -0.2089 H    0  0  0  0  0  0  0  0  0  0  0  0
    0.1380   -2.2172   -0.2008 H    0  0  0  0  0  0  0  0  0  0  0  0
   -2.2570   -2.2719   -0.7614 H    0  0  0  0  0  0  0  0  0  0  0  0
   -3.5553   -0.1562   -0.8325 H    0  0  0  0  0  0  0  0  0  0  0  0
   -2.4525    2.0036   -0.4158 H    0  0  0  0  0  0  0  0  0  0  0  0
   -0.3134    3.1715    0.0330 H    0  0  0  0  0  0  0  0  0  0  0  0
    1.2107    2.1326    0.2331 H    0  0  0  0  0  0  0  0  0  0  0  0
  1  2  1  0
  2  3  2  0
  2  4  1  0
  4  5  2  0
  5  6  1  0
  6  7  2  0
  7  8  1  0
  8  9  2  0
  9 10  1  0
  9  4  1  0
  1 11  1  0
  1 12  1  0
  1 13  1  0
  5 14  1  0
  6 15  1  0
  7 16  1  0
  8 17  1  0
 10 18  1  0
 10 19  1  0
M  END
