
     RDKit          2D

 19 19  0  0  0  0  0  0  0  0999 V2000
    2.4294   -1.2076    0.7553 C    0  0  0  0  0  0  0  0  0  0  0  0
    1.6441   -0.0180    0.2844 C    0  0  0  0  0  0  0  0  0  0  0  0
    2.2469    1.1090    0.2506 O    0  0  0  0  0  0  0  0  0  0  0  0
    0.2403   -0.0978   -0.0475 C    0  0  0  0  0  0  0  0  0  0  0  0
   -0.4195   -1.3162   -0.3345 C    0  0  0  0  0  0  0  0  0  0  0  0
   -1.7671   -1.3441   -0.6153 C    0  0  0  0  0  0  0  0  0  0  0  0
   -2.4976   -0.1361   -0.5761 C    0  0  0  0  0  0  0  0  0  0  0  0
   -1.9019    1.0747   -0.3055 C    0  0  0  0  0  0  0  0  0  0  0  0
   -0.4932    1.1326   -0.0765 C    0  0  0  0  0  0  0  0  0  0  0  0
    0.1835    2.3061    0.0847 N    0  0  0  0  0  0  0  0  0  0  0  0
    3.2470   -0.8582    1.3873 H    0  0  0  0  0  0  0  0  0  0  0  0
    1.8099   -1.9154    1.3027 H    0  0  0  0  0  0  0  0  0  0  0  0
    2.8758   -1.7345   -0.0957 H    0  0  0  0  0  0  0  0  0  0  0  0
    0.1448   -2.2380   -0.3244 H    0  0  0  0  0  0  0  0  0  0  0  0
   -2.2596   -2.2788   -0.8423 H    0  0  0  0  0  0  0  0  0  0  0  0
   -3.5609   -0.1559   -0.7751 H    0  0  0  0  0  0  0  0  0  0  0  0
   -2.4752    1.9929   -0.3029 H    0  0  0  0  0  0  0  0  0  0  0  0
   -0.2431    3.2269    0.1058 H    0  0  0  0  0  0  0  0  0  0  0  0
    1.1476    2.1174    0.0919 H    0  0  0  0  0  0  0  0  0  0  0  0
  1  2  1  0
  2  3  2  0
  2  4  1  0
  4  5  2  0
  5  6  1  0
  6  7  2  0
  7  8  1  0
  8  9  2  0
  9 10  1  0
  9  4  1  0
  1 11  1  0
  1 12  1  0
  1 13  1  0
  5 14  1  0
  6 15  1  0
  7 16  1  0
  8 17  1  0
 10 18  1  0
 10 19  1  0
M  END
