
     RDKit          2D

 19 19  0  0  0  0  0  0  0  0999 V2000
    2.4593   -1.2330    0.6322 C    0  0  0  0  0  0  0  0  0  0  0  0
    1.6224   -0.0113    0.4007 C    0  0  0  0  0  0  0  0  0  0  0  0
    2.1773    1.1319    0.5351 O    0  0  0  0  0  0  0  0  0  0  0  0
    0.2262   -0.0828    0.0447 C    0  0  0  0  0  0  0  0  0  0  0  0
   -0.4431   -1.3075   -0.1833 C    0  0  0  0  0  0  0  0  0  0  0  0
   -1.7768   -1.3432   -0.5162 C    0  0  0  0  0  0  0  0  0  0  0  0
   -2.4909   -0.1311   -0.6235 C    0  0  0  0  0  0  0  0  0  0  0  0
   -1.8765    1.0806   -0.4204 C    0  0  0  0  0  0  0  0  0  0  0  0
   -0.4947    1.1502   -0.1017 C    0  0  0  0  0  0  0  0  0  0  0  0
    0.1769    2.3107    0.0634 N    0  0  0  0  0  0  0  0  0  0  0  0
    3.2826   -0.9690    1.2904 H    0  0  0  0  0  0  0  0  0  0  0  0
    1.8968   -2.0525    1.0694 H    0  0  0  0  0  0  0  0  0  0  0  0
    2.8846   -1.5811   -0.3115 H    0  0  0  0  0  0  0  0  0  0  0  0
    0.1056   -2.2339   -0.0977 H    0  0  0  0  0  0  0  0  0  0  0  0
   -2.2746   -2.2845   -0.6932 H    0  0  0  0  0  0  0  0  0  0  0  0
   -3.5430   -0.1556   -0.8740 H    0  0  0  0  0  0  0  0  0  0  0  0
   -2.4328    2.0028   -0.5135 H    0  0  0  0  0  0  0  0  0  0  0  0
   -0.2703    3.2090   -0.0053 H    0  0  0  0  0  0  0  0  0  0  0  0
    1.2029    2.1040    0.2833 H    0  0  0  0  0  0  0  0  0  0  0  0
  1  2  1  0
  2  3  2  0
  2  4  1  0
  4  5  2  0
  5  6  1  0
  6  7  2  0
  7  8  1  0
  8  9  2  0
  9 10  1  0
  9  4  1  0
  1 11  1  0
  1 12  1  0
  1 13  1  0
  5 14  1  0
  6 15  1  0
  7 16  1  0
  8 17  1  0
 10 18  1  0
 10 19  1  0
M  END
