
     RDKit          2D

 19 19  0  0  0  0  0  0  0  0999 V2000
    2.3748   -1.2545    0.7521 C    0  0  0  0  0  0  0  0  0  0  0  0
    1.6979   -0.0027    0.2538 C    0  0  0  0  0  0  0  0  0  0  0  0
    2.3594    1.0580    0.1442 O    0  0  0  0  0  0  0  0  0  0  0  0
    0.2616   -0.0310   -0.0500 C    0  0  0  0  0  0  0  0  0  0  0  0
   -0.3862   -1.2510   -0.3239 C    0  0  0  0  0  0  0  0  0  0  0  0
   -1.7338   -1.3588   -0.6082 C    0  0  0  0  0  0  0  0  0  0  0  0
   -2.4629   -0.1608   -0.5733 C    0  0  0  0  0  0  0  0  0  0  0  0
   -1.8897    1.0650   -0.3080 C    0  0  0  0  0  0  0  0  0  0  0  0
   -0.4969    1.1763   -0.0740 C    0  0  0  0  0  0  0  0  0  0  0  0
    0.0741    2.4015    0.1021 N    0  0  0  0  0  0  0  0  0  0  0  0
    3.2326   -0.9630    1.3510 H    0  0  0  0  0  0  0  0  0  0  0  0
    1.7131   -1.8880    1.3340 H    0  0  0  0  0  0  0  0  0  0  0  0
    2.7485   -1.8453   -0.0876 H    0  0  0  0  0  0  0  0  0  0  0  0
    0.2080   -2.1531   -0.3085 H    0  0  0  0  0  0  0  0  0  0  0  0
   -2.1977   -2.3097   -0.8249 H    0  0  0  0  0  0  0  0  0  0  0  0
   -3.5261   -0.1929   -0.7683 H    0  0  0  0  0  0  0  0  0  0  0  0
   -2.4889    1.9659   -0.3052 H    0  0  0  0  0  0  0  0  0  0  0  0
   -0.4941    3.2284    0.0993 H    0  0  0  0  0  0  0  0  0  0  0  0
    1.0766    2.4587    0.1905 H    0  0  0  0  0  0  0  0  0  0  0  0
  1  2  1  0
  2  3  2  0
  2  4  1  0
  4  5  2  0
  5  6  1  0
  6  7  2  0
  7  8  1  0
  8  9  2  0
  9 10  1  0
  9  4  1  0
  1 11  1  0
  1 12  1  0
  1 13  1  0
  5 14  1  0
  6 15  1  0
  7 16  1  0
  8 17  1  0
 10 18  1  0
 10 19  1  0
M  END
