
     RDKit          2D

 19 19  0  0  0  0  0  0  0  0999 V2000
    2.3683   -1.2614    0.7539 C    0  0  0  0  0  0  0  0  0  0  0  0
    1.7076   -0.0046    0.2436 C    0  0  0  0  0  0  0  0  0  0  0  0
    2.3959    1.0347    0.1182 O    0  0  0  0  0  0  0  0  0  0  0  0
    0.2657   -0.0169   -0.0517 C    0  0  0  0  0  0  0  0  0  0  0  0
   -0.3763   -1.2406   -0.3232 C    0  0  0  0  0  0  0  0  0  0  0  0
   -1.7240   -1.3521   -0.6069 C    0  0  0  0  0  0  0  0  0  0  0  0
   -2.4654   -0.1633   -0.5754 C    0  0  0  0  0  0  0  0  0  0  0  0
   -1.8931    1.0630   -0.3091 C    0  0  0  0  0  0  0  0  0  0  0  0
   -0.5025    1.1851   -0.0737 C    0  0  0  0  0  0  0  0  0  0  0  0
    0.0387    2.4225    0.1057 N    0  0  0  0  0  0  0  0  0  0  0  0
    3.2351   -0.9757    1.3426 H    0  0  0  0  0  0  0  0  0  0  0  0
    1.7016   -1.8776    1.3488 H    0  0  0  0  0  0  0  0  0  0  0  0
    2.7266   -1.8687   -0.0806 H    0  0  0  0  0  0  0  0  0  0  0  0
    0.2217   -2.1399   -0.3084 H    0  0  0  0  0  0  0  0  0  0  0  0
   -2.1814   -2.3063   -0.8226 H    0  0  0  0  0  0  0  0  0  0  0  0
   -3.5283   -0.2011   -0.7704 H    0  0  0  0  0  0  0  0  0  0  0  0
   -2.4966    1.9611   -0.3051 H    0  0  0  0  0  0  0  0  0  0  0  0
   -0.5569    3.2319    0.0988 H    0  0  0  0  0  0  0  0  0  0  0  0
    1.0279    2.5580    0.2208 H    0  0  0  0  0  0  0  0  0  0  0  0
  1  2  1  0
  2  3  2  0
  2  4  1  0
  4  5  2  0
  5  6  1  0
  6  7  2  0
  7  8  1  0
  8  9  2  0
  9 10  1  0
  9  4  1  0
  1 11  1  0
  1 12  1  0
  1 13  1  0
  5 14  1  0
  6 15  1  0
  7 16  1  0
  8 17  1  0
 10 18  1  0
 10 19  1  0
M  END
