
     RDKit          2D

 19 19  0  0  0  0  0  0  0  0999 V2000
    2.3674   -1.2600    0.7523 C    0  0  0  0  0  0  0  0  0  0  0  0
    1.7047   -0.0026    0.2470 C    0  0  0  0  0  0  0  0  0  0  0  0
    2.3834    1.0438    0.1260 O    0  0  0  0  0  0  0  0  0  0  0  0
    0.2645   -0.0195   -0.0509 C    0  0  0  0  0  0  0  0  0  0  0  0
   -0.3794   -1.2418   -0.3228 C    0  0  0  0  0  0  0  0  0  0  0  0
   -1.7265   -1.3579   -0.6071 C    0  0  0  0  0  0  0  0  0  0  0  0
   -2.4603   -0.1640   -0.5738 C    0  0  0  0  0  0  0  0  0  0  0  0
   -1.8909    1.0638   -0.3086 C    0  0  0  0  0  0  0  0  0  0  0  0
   -0.5000    1.1842   -0.0736 C    0  0  0  0  0  0  0  0  0  0  0  0
    0.0505    2.4172    0.1047 N    0  0  0  0  0  0  0  0  0  0  0  0
    3.2317   -0.9750    1.3445 H    0  0  0  0  0  0  0  0  0  0  0  0
    1.7010   -1.8808    1.3423 H    0  0  0  0  0  0  0  0  0  0  0  0
    2.7294   -1.8620   -0.0842 H    0  0  0  0  0  0  0  0  0  0  0  0
    0.2191   -2.1408   -0.3072 H    0  0  0  0  0  0  0  0  0  0  0  0
   -2.1854   -2.3114   -0.8227 H    0  0  0  0  0  0  0  0  0  0  0  0
   -3.5233   -0.1999   -0.7686 H    0  0  0  0  0  0  0  0  0  0  0  0
   -2.4945    1.9618   -0.3055 H    0  0  0  0  0  0  0  0  0  0  0  0
   -0.5350    3.2323    0.0993 H    0  0  0  0  0  0  0  0  0  0  0  0
    1.0435    2.5260    0.2108 H    0  0  0  0  0  0  0  0  0  0  0  0
  1  2  1  0
  2  3  2  0
  2  4  1  0
  4  5  2  0
  5  6  1  0
  6  7  2  0
  7  8  1  0
  8  9  2  0
  9 10  1  0
  9  4  1  0
  1 11  1  0
  1 12  1  0
  1 13  1  0
  5 14  1  0
  6 15  1  0
  7 16  1  0
  8 17  1  0
 10 18  1  0
 10 19  1  0
M  END
