
     RDKit          2D

 19 19  0  0  0  0  0  0  0  0999 V2000
    2.3685   -1.2580    0.7516 C    0  0  0  0  0  0  0  0  0  0  0  0
    1.7016   -0.0016    0.2501 C    0  0  0  0  0  0  0  0  0  0  0  0
    2.3713    1.0518    0.1339 O    0  0  0  0  0  0  0  0  0  0  0  0
    0.2632   -0.0235   -0.0504 C    0  0  0  0  0  0  0  0  0  0  0  0
   -0.3827   -1.2446   -0.3230 C    0  0  0  0  0  0  0  0  0  0  0  0
   -1.7296   -1.3614   -0.6077 C    0  0  0  0  0  0  0  0  0  0  0  0
   -2.4580   -0.1637   -0.5728 C    0  0  0  0  0  0  0  0  0  0  0  0
   -1.8893    1.0644   -0.3080 C    0  0  0  0  0  0  0  0  0  0  0  0
   -0.4979    1.1820   -0.0736 C    0  0  0  0  0  0  0  0  0  0  0  0
    0.0623    2.4109    0.1035 N    0  0  0  0  0  0  0  0  0  0  0  0
    3.2299   -0.9718    1.3472 H    0  0  0  0  0  0  0  0  0  0  0  0
    1.7032   -1.8840    1.3372 H    0  0  0  0  0  0  0  0  0  0  0  0
    2.7351   -1.8549   -0.0865 H    0  0  0  0  0  0  0  0  0  0  0  0
    0.2151   -2.1441   -0.3071 H    0  0  0  0  0  0  0  0  0  0  0  0
   -2.1905   -2.3140   -0.8235 H    0  0  0  0  0  0  0  0  0  0  0  0
   -3.5211   -0.1977   -0.7674 H    0  0  0  0  0  0  0  0  0  0  0  0
   -2.4921    1.9629   -0.3053 H    0  0  0  0  0  0  0  0  0  0  0  0
   -0.5142    3.2316    0.0995 H    0  0  0  0  0  0  0  0  0  0  0  0
    1.0604    2.4938    0.2008 H    0  0  0  0  0  0  0  0  0  0  0  0
  1  2  1  0
  2  3  2  0
  2  4  1  0
  4  5  2  0
  5  6  1  0
  6  7  2  0
  7  8  1  0
  8  9  2  0
  9 10  1  0
  9  4  1  0
  1 11  1  0
  1 12  1  0
  1 13  1  0
  5 14  1  0
  6 15  1  0
  7 16  1  0
  8 17  1  0
 10 18  1  0
 10 19  1  0
M  END
